%             
% Free-Free, Free-Bound & Two photon emission data. 
%             
% used in ffgau,ffbgau,fp2gau 
%             
% v1.0.0r  
%
% FORMAT:           
% File Title          
% data comment          
% #entries           
%  atom ion iso n0 zeta0 z0  e2 (n= 2 ionisation potential (ev))
%   .         
%   .         
%   .         
% data comment          
% # sequences          
% sequence name                
% #entries                 
%  atom ion ezz (ev)            
%  .                
%  Case Title
%  Ntemps
%  Temp(K) eff recombination to 2S0 level for log(n) = 2,3,4,5,6,7,8
%  ...
%  Hydrogenic free bound gaunt factors for continuum calcs
%  n temps
%  T/Z^2
%  n edge gfb values
%  log(gfbn)
%  ....
%  Free-Free continuum gaunt factors 2.0.0c
%  nentries
%  log(U_0), log(Delta U0) (-4 to 4)
%  log(gamma2_0), log(Delta gamma2)  (-4 to 4)
%  nu, ng
%  .....
%  Integrated Free-Free emsission g factor  
%     
% RSS Aug-90,97   
Continuum emission data v1.0.0r                 
209      
01 01 01 01 02 01.000 3.399610000E+00
02 01 02 01 01 01.345 3.399610000E+00
02 02 01 01 02 02.000 1.359844000E+01
06 01 06 02 05 01.820 1.510937778E+00
06 02 05 02 06 02.678 6.043751111E+00
06 03 04 02 07 03.753 1.359844000E+01
06 04 03 02 08 04.356 2.417500444E+01
06 05 02 01 01 05.370 8.499025000E+01
06 06 01 01 02 06.003 1.223859600E+02
07 01 07 02 04 02.068 1.510937778E+00
07 02 06 02 05 02.951 6.043751111E+00
07 03 05 02 06 03.736 1.359844000E+01
07 04 04 02 07 04.774 2.417500444E+01
07 05 03 02 08 05.366 3.777344444E+01
07 06 02 01 01 06.372 1.223859600E+02
07 07 01 01 02 07.004 1.665808900E+02
08 01 08 02 03 02.001 1.510937778E+00
08 02 07 02 04 03.214 6.043751111E+00
08 03 06 02 05 04.020 1.359844000E+01
08 04 05 02 06 04.772 2.417500444E+01
08 05 04 02 07 05.788 3.777344444E+01
08 06 03 02 08 06.374 5.439376000E+01
08 07 02 01 01 07.374 1.665808900E+02
08 08 01 01 02 08.005 2.175750400E+02
10 01 10 02 01 02.519 1.510937778E+00
10 02 09 02 02 03.471 6.043751111E+00
10 03 08 02 03 04.320 1.359844000E+01
10 04 07 02 04 05.345 2.417500444E+01
10 05 06 02 05 06.093 3.777344444E+01
10 06 05 02 06 06.816 5.439376000E+01
10 07 04 02 07 07.808 7.403595111E+01
10 08 03 02 08 08.386 9.670001778E+01
10 09 02 01 01 09.378 2.753684100E+02
10 10 01 01 02 10.009 3.399610000E+02
11 01 11 03 18 01.844 8.499025000E-01
11 02 10 02 01 03.730 6.043751111E+00
11 03 09 02 02 04.591 1.359844000E+01
11 04 08 02 03 05.394 2.417500444E+01
11 05 07 02 04 06.381 3.777344444E+01
11 06 06 02 05 07.116 5.439376000E+01
11 07 05 02 06 07.831 7.403595111E+01
11 08 04 02 07 08.815 9.670001778E+01
11 09 03 02 08 09.392 1.223859600E+02
11 10 02 01 01 10.380 3.399610000E+02
11 11 01 01 02 11.011 4.113528100E+02
12 01 12 03 17 02.250 8.499025000E-01
12 02 11 03 18 03.155 3.399610000E+00
12 03 10 02 01 04.855 1.359844000E+01
12 04 09 02 02 05.671 2.417500444E+01
12 05 08 02 03 06.446 3.777344444E+01
12 06 07 02 04 07.407 5.439376000E+01
12 07 06 02 05 08.135 7.403595111E+01
12 08 05 02 06 08.844 9.670001778E+01
12 09 04 02 07 09.822 1.223859600E+02
12 10 03 02 08 10.397 1.510937778E+02
12 11 02 01 01 11.383 4.113528100E+02
12 12 01 01 02 12.014 4.895438400E+02
13 01 13 03 16 01.990 8.499025000E-01
13 02 12 03 17 03.530 3.399610000E+00
13 03 11 03 18 04.342 7.649122500E+00
13 04 10 02 01 05.941 2.417500444E+01
13 05 09 02 02 06.725 3.777344444E+01
13 06 08 02 03 07.485 5.439376000E+01
13 07 07 02 04 08.427 7.403595111E+01
13 08 06 02 05 09.150 9.670001778E+01
13 09 05 02 06 09.856 1.223859600E+02
13 10 04 02 07 10.828 1.510937778E+02
13 11 03 02 08 11.403 1.828234711E+02
13 12 02 01 01 12.386 4.895438400E+02
13 13 01 01 02 13.017 5.745340900E+02
14 01 14 03 15 02.323 8.499025000E-01
14 02 13 03 16 03.289 3.399610000E+00
14 03 12 03 17 04.708 7.649122500E+00
14 04 11 03 18 05.466 1.359844000E+01
14 05 10 02 01 07.004 3.777344444E+01
14 06 09 02 02 07.767 5.439376000E+01
14 07 08 02 03 08.515 7.403595111E+01
14 08 07 02 04 09.443 9.670001778E+01
14 09 06 02 05 10.163 1.223859600E+02
14 10 05 02 06 10.866 1.510937778E+02
14 11 04 02 07 11.834 1.828234711E+02
14 12 03 02 08 12.409 2.175750400E+02
14 13 02 01 01 13.389 5.745340900E+02
14 14 01 01 02 14.021 6.663235600E+02
16 01 16 03 13 02.619 8.499025000E-01
16 02 15 03 14 03.930 3.399610000E+00
16 03 14 03 15 04.801 7.649122500E+00
16 04 13 03 16 05.595 1.359844000E+01
16 05 12 03 17 06.936 2.124756250E+01
16 06 11 03 18 07.634 3.059649000E+01
16 07 10 02 01 09.076 7.403595111E+01
16 08 09 02 02 09.828 9.670001778E+01
16 09 08 02 03 10.560 1.223859600E+02
16 10 07 02 04 11.468 1.510937778E+02
16 11 06 02 05 12.185 1.828234711E+02
16 12 05 02 06 12.892 2.175750400E+02
16 13 04 02 07 13.845 2.553484844E+02
16 14 03 02 08 14.423 2.961438044E+02
16 15 02 01 01 15.397 7.649122500E+02
16 16 01 01 02 16.030 8.703001600E+02
17 01 17 03 12 02.930 8.499025000E-01
17 02 16 03 13 03.970 3.399610000E+00
17 03 15 03 14 05.120 7.649122500E+00
17 04 14 03 15 05.948 1.359844000E+01
17 05 13 03 16 06.694 2.124756250E+01
17 06 12 03 17 08.014 3.059649000E+01
17 07 11 03 18 08.694 4.164522250E+01
17 08 10 02 01 10.123 9.670001778E+01
17 09 09 02 02 10.853 1.223859600E+02
17 10 08 02 03 11.577 1.510937778E+02
17 11 07 02 04 12.478 1.828234711E+02
17 12 06 02 05 13.196 2.175750400E+02
17 13 05 02 06 13.902 2.553484844E+02
17 14 04 02 07 14.851 2.961438044E+02
17 15 03 02 08 15.430 3.399610000E+02
17 16 02 01 01 16.402 8.703001600E+02
17 17 01 01 02 17.074 9.824872900E+02
18 01 18 03 11 03.230 8.499025000E-01
18 02 17 03 12 04.276 3.399610000E+00
18 03 16 03 13 05.193 7.649122500E+00
18 04 15 03 14 06.292 1.359844000E+01
18 05 14 03 15 07.047 2.124756250E+01
18 06 13 03 16 07.761 3.059649000E+01
18 07 12 03 17 09.078 4.164522250E+01
18 08 11 03 18 09.744 5.439376000E+01
18 09 10 02 01 11.150 1.223859600E+02
18 10 09 02 02 11.869 1.510937778E+02
18 11 08 02 03 12.592 1.828234711E+02
18 12 07 02 04 13.483 2.175750400E+02
18 13 06 02 05 14.205 2.553484844E+02
18 14 05 02 06 14.913 2.961438044E+02
18 15 04 02 07 15.857 3.399610000E+02
18 16 03 02 08 16.433 3.868000711E+02
18 17 02 01 01 17.408 9.824872900E+02
18 18 01 01 02 18.042 1.101473640E+03
20 01 20 04 31 02.682 5.439376000E-01
20 02 19 04 32 03.737 2.175750400E+00
20 03 18 03 11 05.805 7.649122500E+00
20 04 17 03 12 06.667 1.359844000E+01
20 05 16 03 13 07.475 2.124756250E+01
20 06 15 03 14 08.485 3.059649000E+01
20 07 14 03 15 09.193 4.164522250E+01
20 08 13 03 16 09.877 5.439376000E+01
20 09 12 03 17 11.176 6.884210250E+01
20 10 11 03 18 11.826 8.499025000E+01
20 11 10 02 01 13.192 1.828234711E+02
20 12 09 02 02 13.902 2.175750400E+02
20 13 08 02 03 14.614 2.553484844E+02
20 14 07 02 04 15.503 2.961438044E+02
20 15 06 02 05 16.226 3.399610000E+02
20 16 05 02 06 16.927 3.868000711E+02
20 17 04 02 07 17.882 4.366610178E+02
20 18 03 02 08 18.448 4.895438400E+02
20 19 02 01 01 19.421 1.227259210E+03
20 20 01 01 02 20.056 1.359844000E+03
26 01 26 04 31 03.043 5.439376000E-01
26 02 25 04 32 04.361 2.175750400E+00
26 03 24 03 05 04.504 7.649122500E+00
26 04 23 03 06 06.022 1.359844000E+01
26 05 22 03 07 07.069 2.124756250E+01
26 06 21 03 08 08.135 3.059649000E+01
26 07 20 03 09 09.215 4.164522250E+01
26 08 19 03 10 10.001 5.439376000E+01
26 09 18 03 11 12.471 6.884210250E+01
26 10 17 03 12 13.171 8.499025000E+01
26 11 16 03 13 13.864 1.028382025E+02
26 12 15 03 14 14.801 1.223859600E+02
26 13 14 03 15 15.457 1.436335225E+02
26 14 13 03 16 16.107 1.665808900E+02
26 15 12 03 17 17.392 1.912280625E+02
26 16 11 03 18 17.990 2.175750400E+02
26 17 10 02 01 19.298 4.366610178E+02
26 18 09 02 02 19.987 4.895438400E+02
26 19 08 02 03 20.695 5.454485378E+02
26 20 07 02 04 21.572 6.043751111E+02
26 21 06 02 05 22.290 6.663235600E+02
26 22 05 02 06 23.004 7.312938844E+02
26 23 04 02 07 23.950 7.992860844E+02
26 24 03 02 08 24.527 8.703001600E+02
26 25 02 01 01 25.480 2.124756250E+03
26 26 01 01 02 26.121 2.298136360E+03
28 01 28 04 31 02.997 5.439376000E-01
28 02 27 04 32 04.624 2.175750400E+00
28 03 26 03 03 04.825 7.649122500E+00
28 04 25 03 04 06.028 1.359844000E+01
28 05 24 03 05 07.069 2.124756250E+01
28 06 23 03 06 08.455 3.059649000E+01
28 07 22 03 07 09.418 4.164522250E+01
28 08 21 03 08 10.419 5.439376000E+01
28 09 20 03 09 11.302 6.884210250E+01
28 10 19 03 10 12.192 8.499025000E+01
28 11 18 03 11 14.576 1.028382025E+02
28 12 17 03 12 15.264 1.223859600E+02
28 13 16 03 13 15.942 1.436335225E+02
28 14 15 03 14 16.870 1.665808900E+02
28 15 14 03 15 17.524 1.912280625E+02
28 16 13 03 16 18.173 2.175750400E+02
28 17 12 03 17 19.440 2.456218225E+02
28 18 11 03 18 20.044 2.753684100E+02
28 19 10 02 01 21.325 5.454485378E+02
28 20 09 02 02 22.018 6.043751111E+02
28 21 08 02 03 22.728 6.663235600E+02
28 22 07 02 04 23.604 7.312938844E+02
28 23 06 02 05 24.316 7.992860844E+02
28 24 05 02 06 25.037 8.703001600E+02
28 25 04 02 07 25.983 9.443361111E+02
28 26 03 02 08 26.559 1.021393938E+03
28 27 02 01 01 27.495 2.478315690E+03
28 28 01 01 02 28.169 2.665294240E+03
Two-Photon emmision data    
2      
Hydrogen Isoelectronic sequence    
16      
01 01 10.199    
02 02 40.813    
06 06 367.48
07 07 500.26
08 08 653.51
10 10 1021.5
11 11 1236.3
12 12 1471.7
13 13 1730.2
14 14 2004.5
16 16 2619.8
17 17 2958.7
18 18 3318.4
20 20 4100.4
26 26 6931.4
28 28 8038.8
He isoelectronic sequence
15  
02 01 20.615
06 05 304.39
07 06 426.32
08 07 568.66
10 09 914.7
11 10 1094.2
12 11 1330.2
13 12 1556.1
14 13 1815.6
16 15 2402.7
17 16 2716.5
18 17 3133.6
20 19 3795.2
26 25 6537.5
28 27 7581.9
Hydro. eff. recomb. to 2S level: 2 phtn calcs
R2S1A
10
5.00E+02 1.741E-13 1.832E-13 1.993E-13 2.285E-13 2.840E-13 3.982E-13 6.663E-13
1.00E+03 1.175E-13 1.208E-13 1.266E-13 1.370E-13 1.556E-13 1.907E-13 2.622E-13
3.00E+03 6.371E-14 6.434E-14 6.549E-14 6.751E-14 7.109E-14 7.747E-14 8.921E-14
5.00E+03 4.774E-14 4.803E-14 4.855E-14 4.948E-14 5.114E-14 5.409E-14 5.947E-14
7.50E+03 3.779E-14 3.794E-14 3.822E-14 3.871E-14 3.960E-14 4.119E-14 4.411E-14
1.00E+04 3.190E-14 3.200E-14 3.217E-14 3.248E-14 3.305E-14 3.407E-14 3.597E-14
1.25E+04 2.790E-14 2.797E-14 2.809E-14 2.830E-14 2.870E-14 2.942E-14 3.078E-14
1.50E+04 2.496E-14 2.501E-14 2.510E-14 2.526E-14 2.555E-14 2.610E-14 2.713E-14
2.00E+04 2.086E-14 2.088E-14 2.094E-14 2.104E-14 2.122E-14 2.157E-14 2.223E-14
3.00E+04 1.603E-14 1.605E-14 1.607E-14 1.612E-14 1.621E-14 1.639E-14 1.676E-14
R2S1B
10
5.00E+02 5.463E-13 5.775E-13 6.329E-13 7.319E-13 9.170E-13 1.292E-12 2.147E-12
1.00E+03 3.597E-13 3.707E-13 3.899E-13 4.235E-13 4.825E-13 5.904E-13 8.014E-13
3.00E+03 1.846E-13 1.865E-13 1.898E-13 1.955E-13 2.052E-13 2.217E-13 2.505E-13
5.00E+03 1.334E-13 1.342E-13 1.355E-13 1.378E-13 1.418E-13 1.484E-13 1.598E-13
7.50E+03 1.020E-13 1.024E-13 1.030E-13 1.040E-13 1.058E-13 1.088E-13 1.141E-13
1.00E+04 8.375E-14 8.394E-14 8.426E-14 8.483E-14 8.578E-14 8.740E-14 9.032E-14
1.25E+04 7.154E-14 7.165E-14 7.184E-14 7.217E-14 7.272E-14 7.366E-14 7.544E-14
1.50E+04 6.270E-14 6.277E-14 6.288E-14 6.308E-14 6.341E-14 6.398E-14 6.513E-14
2.00E+04 5.061E-14 5.063E-14 5.068E-14 5.075E-14 5.087E-14 5.107E-14 5.158E-14
3.00E+04 3.692E-14 3.692E-14 3.692E-14 3.691E-14 3.689E-14 3.686E-14 3.694E-14
R2S2A
12
5.00E+02 7.149E-13 7.574E-13 8.350E-13 9.810E-13 1.271E-12 1.907E-12 3.551E-12
1.00E+03 4.844E-13 4.999E-13 5.278E-13 5.785E-13 6.726E-13 8.558E-13 1.250E-12
3.00E+03 2.676E-13 2.707E-13 2.763E-13 2.864E-13 3.044E-13 3.367E-13 3.967E-13
5.00E+03 2.034E-13 2.049E-13 2.075E-13 2.123E-13 2.208E-13 2.358E-13 2.629E-13
7.50E+03 1.634E-13 1.642E-13 1.656E-13 1.682E-13 1.729E-13 1.811E-13 1.958E-13
1.00E+04 1.397E-13 1.402E-13 1.411E-13 1.428E-13 1.458E-13 1.512E-13 1.607E-13
1.25E+04 1.236E-13 1.239E-13 1.246E-13 1.258E-13 1.279E-13 1.318E-13 1.386E-13
1.50E+04 1.117E-13 1.119E-13 1.124E-13 1.133E-13 1.150E-13 1.179E-13 1.231E-13
2.00E+04 9.502E-14 9.519E-14 9.551E-14 9.609E-14 9.714E-14 9.902E-14 1.024E-13
3.00E+04 7.535E-14 7.543E-14 7.560E-14 7.590E-14 7.646E-14 7.746E-14 7.925E-14
5.00E+04 5.570E-14 5.574E-14 5.581E-14 5.594E-14 5.619E-14 5.663E-14 5.743E-14
1.00E+05 3.612E-14 3.613E-14 3.615E-14 3.619E-14 3.627E-14 3.640E-14 3.666E-14
R2S2B
12
5.00E+02 2.298E-12 2.451E-12 2.729E-12 3.253E-12 4.294E-12 6.590E-12 1.260E-11
1.00E+03 1.536E-12 1.592E-12 1.691E-12 1.871E-12 2.202E-12 2.846E-12 4.227E-12
3.00E+03 8.254E-13 8.362E-13 8.555E-13 8.899E-13 9.507E-13 1.058E-12 1.254E-12
5.00E+03 6.161E-13 6.210E-13 6.297E-13 6.454E-13 6.730E-13 7.211E-13 8.054E-13
7.50E+03 4.860E-13 4.885E-13 4.931E-13 5.013E-13 5.158E-13 5.410E-13 5.844E-13
1.00E+04 4.091E-13 4.107E-13 4.136E-13 4.187E-13 4.278E-13 4.434E-13 4.704E-13
1.25E+04 3.571E-13 3.581E-13 3.601E-13 3.636E-13 3.698E-13 3.806E-13 3.990E-13
1.50E+04 3.189E-13 3.196E-13 3.211E-13 3.236E-13 3.282E-13 3.360E-13 3.494E-13
2.00E+04 2.657E-13 2.661E-13 2.670E-13 2.685E-13 2.712E-13 2.759E-13 2.839E-13
3.00E+04 2.035E-13 2.037E-13 2.041E-13 2.048E-13 2.061E-13 2.082E-13 2.118E-13
5.00E+04 1.429E-13 1.430E-13 1.431E-13 1.433E-13 1.437E-13 1.444E-13 1.455E-13
1.00E+05 8.527E-14 8.527E-14 8.528E-14 8.530E-14 8.533E-14 8.537E-14 8.542E-14
Hydro. free bound g factors for cont. calcs
16                                                                           
 125      250       500       625       1000      1250      2500      5000      10000     12500     25000     100000    125000    200000    250000   500000
50                                                                          
 0.529943 -0.009839 -0.335734 -0.443095 -0.671417 -0.768021 -1.069662 -1.412851 -1.657380 -1.758205 -3.000000 -5.000000 -7.000000 -9.000000 -11.00000 -13.0000
 0.529943 -0.009839 -0.335734 -0.443095 -0.671417 -0.768021 -1.069662 -1.412851 -1.657380 -1.758205 -3.000000 -5.000000 -7.000000 -9.000000 -11.00000 -13.0000
 0.601734  0.037426 -0.301812 -0.416688 -0.646468 -0.744004 -1.046144 -1.384892 -1.625252 -1.729321 -3.000000 -5.000000 -7.000000 -9.000000 -11.00000 -13.0000
 0.601734  0.037426 -0.301812 -0.416688 -0.646468 -0.744004 -1.046144 -1.384892 -1.625252 -1.729321 -3.000000 -5.000000 -7.000000 -9.000000 -11.00000 -13.0000
 0.682686  0.089198 -0.266081 -0.387746 -0.619608 -0.718285 -1.021226 -1.355660 -1.592609 -1.699405 -1.972650 -3.000000 -5.000000 -7.000000 -9.000000 -11.0000
 0.682686  0.089198 -0.266081 -0.387746 -0.619608 -0.718285 -1.021226 -1.355660 -1.592609 -1.699405 -1.972650 -3.000000 -5.000000 -7.000000 -9.000000 -11.0000
 0.774444  0.146128 -0.228266 -0.355758 -0.590743 -0.690796 -0.994819 -1.324955 -1.559721 -1.668370 -1.936291 -3.000000 -5.000000 -7.000000 -9.000000 -11.0000
 0.774444  0.146128 -0.228266 -0.355758 -0.590743 -0.690796 -0.994819 -1.324955 -1.559721 -1.668370 -1.936291 -3.000000 -5.000000 -7.000000 -9.000000 -11.0000
 0.879039  0.208710 -0.187688 -0.320390 -0.559563 -0.661145 -0.966576 -1.292771 -1.526221 -1.635824 -1.898941 -3.000000 -5.000000 -7.000000 -9.000000 -11.0000
 0.879039  0.208710 -0.187688 -0.320390 -0.559563 -0.661145 -0.966576 -1.292771 -1.526221 -1.635824 -1.898941 -3.000000 -5.000000 -7.000000 -9.000000 -11.0000
 0.998913  0.278067 -0.143694 -0.281166 -0.525929 -0.629302 -0.936667 -1.258848 -1.492144 -1.601713 -1.860121 -3.000000 -5.000000 -7.000000 -9.000000 -11.0000
 0.998913  0.278067 -0.143694 -0.281166 -0.525929 -0.629302 -0.936667 -1.258848 -1.492144 -1.601713 -1.860121 -3.000000 -5.000000 -7.000000 -9.000000 -11.0000
 1.137354  0.355834 -0.095447 -0.237321 -0.489053 -0.594483 -0.904482 -1.223008 -1.457050 -1.566070 -1.820161 -3.000000 -5.000000 -7.000000 -9.000000 -11.0000
 1.137354  0.355834 -0.095447 -0.237321 -0.489053 -0.594483 -0.904482 -1.223008 -1.457050 -1.566070 -1.820161 -3.000000 -5.000000 -7.000000 -9.000000 -11.0000
 1.297979  0.443576 -0.041771 -0.188291 -0.448428 -0.556424 -0.869988 -1.185087 -1.420903 -1.528562 -1.778586 -3.000000 -5.000000 -7.000000 -9.000000 -11.0000
 1.297979  0.443576 -0.041771 -0.188291 -0.448428 -0.556424 -0.869988 -1.185087 -1.420903 -1.528562 -1.778586 -3.000000 -5.000000 -7.000000 -9.000000 -11.0000
 1.486147  0.547282  0.019116 -0.132886 -0.403623 -0.514563 -0.832387 -1.144663 -1.383210 -1.488919 -1.735418 -1.968592 -3.000000 -5.000000 -7.000000 -9.00000
 1.486147  0.547282  0.019116 -0.132886 -0.403623 -0.514563 -0.832387 -1.144663 -1.383210 -1.488919 -1.735418 -1.968592 -3.000000 -5.000000 -7.000000 -9.00000
 1.708506  0.662096  0.088845 -0.069917 -0.353400 -0.467883 -0.791290 -1.101494 -1.343614 -1.446967 -1.690157 -1.919374 -3.000000 -5.000000 -7.000000 -9.00000
 1.708506  0.662096  0.088845 -0.069917 -0.353400 -0.467883 -0.791290 -1.101494 -1.343614 -1.446967 -1.690157 -1.919374 -3.000000 -5.000000 -7.000000 -9.00000
 1.973959  0.799203  0.170262  0.002598 -0.296623 -0.415669 -0.745936 -1.055123 -1.301551 -1.402086 -1.642828 -1.868061 -3.000000 -5.000000 -7.000000 -9.00000
 1.973959  0.799203  0.170262  0.002598 -0.296623 -0.415669 -0.745936 -1.055123 -1.301551 -1.402086 -1.642828 -1.868061 -3.000000 -5.000000 -7.000000 -9.00000
 2.294246  0.964542  0.267875  0.086716 -0.231584 -0.356153 -0.695725 -1.004935 -1.256098 -1.353890 -1.592949 -1.814458 -3.000000 -5.000000 -7.000000 -9.00000
 2.294246  0.964542  0.267875  0.086716 -0.231584 -0.356153 -0.695725 -1.004935 -1.256098 -1.353890 -1.592949 -1.814458 -3.000000 -5.000000 -7.000000 -9.00000
 2.685473  1.166430  0.386321  0.185825 -0.155896 -0.287603 -0.639217 -0.950394 -1.206210 -1.301725 -1.540005 -1.758454 -3.000000 -5.000000 -7.000000 -9.00000
 2.685473  1.166430  0.386321  0.185825 -0.155896 -0.287603 -0.639217 -0.950394 -1.206210 -1.301725 -1.540005 -1.758454 -3.000000 -5.000000 -7.000000 -9.00000
 3.170555  1.416973  0.534026  0.305136 -0.066159 -0.207188 -0.574792 -0.890084 -1.150335 -1.244811 -1.483597 -1.699622 -3.000000 -5.000000 -7.000000 -9.00000
 3.170555  1.416973  0.534026  0.305136 -0.066159 -0.207188 -0.574792 -0.890084 -1.150335 -1.244811 -1.483597 -1.699622 -3.000000 -5.000000 -7.000000 -9.00000
 3.774882  1.730621  0.670617  0.439491  0.048053 -0.108295 -0.511167 -0.823619 -1.101604 -1.187688 -1.422278 -1.656986 -3.000000 -5.000000 -7.000000 -9.00000
 3.777354  1.734640  0.673482  0.441224  0.049218 -0.105241 -0.508919 -0.818442 -1.093396 -1.181444 -1.412401 -1.638461 -3.000000 -5.000000 -7.000000 -9.00000
 4.566555  2.137671  0.889806  0.624798  0.186956  0.017868 -0.414314 -0.743763 -1.027011 -1.125402 -1.339324 -1.596193 -3.000000 -5.000000 -7.000000 -9.00000
 4.569725  2.142389  0.892818  0.627878  0.188928  0.019116 -0.414201 -0.746420 -1.021957 -1.126563 -1.334607 -1.568475 -3.000000 -5.000000 -7.000000 -9.00000
 5.606166  2.674402  1.172895  0.859679  0.356790  0.167317 -0.300683 -0.653843 -0.950007 -1.052419 -1.272134 -1.522734 -1.556268 -3.000000 -5.000000 -7.00000
 5.609061  2.677789  1.176959  0.863442  0.359266  0.169968 -0.299816 -0.657775 -0.947306 -1.027288 -1.245728 -1.501689 -1.531948 -3.000000 -5.000000 -7.00000
 7.003891  3.393400  1.547405  1.167908  0.571942  0.354108 -0.168322 -0.551294 -0.857924 -0.946922 -1.200453 -1.457673 -1.498941 -3.000000 -5.000000 -7.00000
 7.008174  3.399674  1.554004  1.173186  0.576111  0.359266 -0.163993 -0.546988 -0.857924 -0.950394 -1.184688 -1.424004 -1.457050 -3.000000 -5.000000 -7.00000
 8.939270  4.397766  2.068557  1.591955  0.857393  0.597695 -0.000304 -0.421361 -0.754241 -0.847712 -1.107293 -1.376337 -1.414088 -3.000000 -5.000000 -7.00000
 8.946403  4.404834  2.074816  1.598900  0.862847  0.604334  0.004321 -0.420903 -0.753501 -0.857298 -1.087300 -1.340464 -1.369674 -3.000000 -5.000000 -7.00000
11.728191  5.850830  2.823409  2.202761  1.259833  0.933538  0.214049 -0.263763 -0.625435 -0.729321 -0.993534 -1.297311 -1.330962 -3.000000 -5.000000 -7.00000
11.734079  5.857935  2.832764  2.213783  1.269046  0.941611  0.221675 -0.261299 -0.625618 -0.734239 -0.982132 -1.275888 -1.299123 -3.000000 -5.000000 -7.00000
15.963221  8.054613  3.979002  3.141763  1.867526  1.432007  0.512017 -0.056604 -0.464326 -0.575772 -0.880085 -1.220259 -1.255081 -3.000000 -5.000000 -7.00000
15.970579  8.063709  3.991270  3.152594  1.878924  1.443419  0.520745 -0.051538 -0.462559 -0.573489 -0.868381 -1.186686 -1.221849 -3.000000 -5.000000 -7.00000
22.896361 11.634578  5.860398  4.673574  2.861534  2.242293  0.964825  0.236033 -0.247184 -0.373968 -0.710188 -1.111427 -1.157953 -3.000000 -5.000000 -7.00000
22.901022 11.646502  5.878119  4.688865  2.877141  2.257918  0.977952  0.246991 -0.240937 -0.372327 -0.709520 -1.102318 -1.143030 -3.000000 -5.000000 -7.00000
35.511616 18.086360  9.225568  7.413300  4.648262  3.712313  1.752586  0.703033  0.073352 -0.081341 -0.483994 -0.991400 -1.038531 -1.173860 -3.000000 -5.00000
35.510545 18.108227  9.247237  7.432167  4.672190  3.724931  1.776047  0.722222  0.087781 -0.070377 -0.475734 -0.988853 -1.037583 -1.145512 -3.000000 -5.00000
62.517328 31.771734 16.254064 13.106191  8.338855  6.717004  3.382017  1.607777  0.631748  0.410777 -0.118615 -0.787280 -0.856049 -0.999566 -1.087141 -3.00000
62.482016 31.773494 16.283979 13.131939  8.374015  6.750277  3.418798  1.645029  0.664736  0.439964 -0.111427 -0.800794 -0.868061 -1.001523 -1.073349 -3.00000
139.14209 70.341237 35.801952 28.840859 18.368101 14.838282  7.690019  3.965013  1.969975  1.543944  0.616895 -0.381429 -0.490394 -0.692076 -0.786217 -1.040577
139.16017 70.359456 35.820267 28.835373 18.416141 14.875871  7.751972  4.034227  2.042969  1.614792  0.681151 -0.358129 -0.483068 -0.703774 -0.799150 -1.022185
Free-Free continuum gaunt factors 2.0.0c
-4.00 0.20
-4.00 0.10
41 81
5.524282E+00 5.524129E+00 5.523814E+00 5.523318E+00 5.522537E+00 5.521299E+00 5.519478E+00 5.516716E+00 5.512663E+00 5.506781E+00 5.498330E+00 5.486451E+00 5.469926E+00 5.447401E+00 5.417311E+00 5.378000E+00 5.328000E+00 5.266143E+00 5.191967E+00 5.105847E+00 5.009024E+00 4.903454E+00 4.791375E+00 4.674923E+00 4.555837E+00 4.435350E+00 4.314238E+00 4.193047E+00 4.072073E+00 3.951565E+00 3.831733E+00 3.712637E+00 3.594539E+00 3.477489E+00 3.361649E+00 3.247232E+00 3.134206E+00 3.022918E+00 2.913434E+00 2.806177E+00 2.700822E+00
5.397506E+00 5.397344E+00 5.397047E+00 5.396593E+00 5.395817E+00 5.394651E+00 5.392845E+00 5.390127E+00 5.386141E+00 5.380299E+00 5.371949E+00 5.360132E+00 5.343697E+00 5.321291E+00 5.291309E+00 5.252156E+00 5.202304E+00 5.140627E+00 5.066664E+00 4.980773E+00 4.884222E+00 4.778956E+00 4.667220E+00 4.551161E+00 4.432525E+00 4.312524E+00 4.191994E+00 4.071437E+00 3.951170E+00 3.831492E+00 3.712508E+00 3.594454E+00 3.477467E+00 3.361629E+00 3.247212E+00 3.134207E+00 3.022906E+00 2.913433E+00 2.805878E+00 2.700684E+00 2.597903E+00
5.270733E+00 5.270566E+00 5.270337E+00 5.269883E+00 5.269162E+00 5.268028E+00 5.266246E+00 5.263617E+00 5.259668E+00 5.253913E+00 5.245640E+00 5.233898E+00 5.217598E+00 5.195298E+00 5.165465E+00 5.126470E+00 5.076791E+00 5.015334E+00 4.941600E+00 4.855978E+00 4.759734E+00 4.654813E+00 4.543465E+00 4.427858E+00 4.309711E+00 4.190283E+00 4.070407E+00 3.950535E+00 3.831099E+00 3.712289E+00 3.594322E+00 3.477420E+00 3.361597E+00 3.247186E+00 3.134225E+00 3.022896E+00 2.913473E+00 2.805866E+00 2.700543E+00 2.597538E+00 2.497302E+00
5.143968E+00 5.143871E+00 5.143640E+00 5.143218E+00 5.142553E+00 5.141438E+00 5.139749E+00 5.137154E+00 5.133275E+00 5.127616E+00 5.119415E+00 5.107809E+00 5.091614E+00 5.069453E+00 5.039790E+00 5.000968E+00 4.951509E+00 4.890282E+00 4.816814E+00 4.731500E+00 4.635602E+00 4.531066E+00 4.420171E+00 4.305062E+00 4.187477E+00 4.068704E+00 3.949506E+00 3.830467E+00 3.711926E+00 3.594095E+00 3.477292E+00 3.361547E+00 3.247148E+00 3.134243E+00 3.022901E+00 2.913458E+00 2.805894E+00 2.700520E+00 2.597524E+00 2.496966E+00 2.399330E+00
5.017267E+00 5.017190E+00 5.016963E+00 5.016625E+00 5.015975E+00 5.014935E+00 5.013299E+00 5.010751E+00 5.006990E+00 5.001399E+00 4.993322E+00 4.981837E+00 4.965768E+00 4.943791E+00 4.914299E+00 4.875691E+00 4.826470E+00 4.765507E+00 4.692349E+00 4.607382E+00 4.511870E+00 4.407783E+00 4.297398E+00 4.182835E+00 4.065906E+00 3.947826E+00 3.829442E+00 3.711330E+00 3.593734E+00 3.477064E+00 3.361453E+00 3.247096E+00 3.134256E+00 3.022908E+00 2.913456E+00 2.805929E+00 2.700534E+00 2.597563E+00 2.496944E+00 2.399155E+00 2.304251E+00
4.890607E+00 4.890528E+00 4.890390E+00 4.890062E+00 4.889462E+00 4.888501E+00 4.886907E+00 4.884482E+00 4.880787E+00 4.875303E+00 4.867363E+00 4.856000E+00 4.840118E+00 4.818311E+00 4.789027E+00 4.750665E+00 4.701710E+00 4.641056E+00 4.568246E+00 4.483670E+00 4.388601E+00 4.285026E+00 4.175181E+00 4.061276E+00 3.945059E+00 3.827768E+00 3.710313E+00 3.593139E+00 3.476706E+00 3.361268E+00 3.246992E+00 3.134206E+00 3.022919E+00 2.913455E+00 2.805982E+00 2.700556E+00 2.597570E+00 2.496973E+00 2.399127E+00 2.304209E+00 2.212447E+00
4.763966E+00 4.763951E+00 4.763847E+00 4.763539E+00 4.763048E+00 4.762123E+00 4.760633E+00 4.758294E+00 4.754682E+00 4.749359E+00 4.741539E+00 4.730352E+00 4.714652E+00 4.693044E+00 4.664017E+00 4.625920E+00 4.577273E+00 4.516970E+00 4.444558E+00 4.360416E+00 4.265861E+00 4.162835E+00 4.053636E+00 3.940466E+00 3.825009E+00 3.708650E+00 3.592159E+00 3.476113E+00 3.360960E+00 3.246806E+00 3.134099E+00 3.022914E+00 2.913464E+00 2.806043E+00 2.700596E+00 2.597585E+00 2.497037E+00 2.399145E+00 2.304242E+00 2.212242E+00 2.123598E+00
4.637384E+00 4.637434E+00 4.637342E+00 4.637148E+00 4.636688E+00 4.635842E+00 4.634463E+00 4.632202E+00 4.628756E+00 4.623549E+00 4.615890E+00 4.604902E+00 4.589399E+00 4.568050E+00 4.539288E+00 4.501499E+00 4.453206E+00 4.393301E+00 4.321322E+00 4.237697E+00 4.143704E+00 4.041307E+00 3.932846E+00 3.820428E+00 3.705905E+00 3.590542E+00 3.475139E+00 3.360378E+00 3.246499E+00 3.133918E+00 3.022859E+00 2.913446E+00 2.806057E+00 2.700660E+00 2.597616E+00 2.497114E+00 2.399197E+00 2.304267E+00 2.212273E+00 2.123560E+00 2.038298E+00
4.510902E+00 4.510954E+00 4.510948E+00 4.510812E+00 4.510397E+00 4.509694E+00 4.508388E+00 4.506274E+00 4.502964E+00 4.497896E+00 4.490458E+00 4.479663E+00 4.464413E+00 4.443338E+00 4.414882E+00 4.377450E+00 4.329557E+00 4.270094E+00 4.198626E+00 4.115580E+00 4.022196E+00 3.920540E+00 3.812851E+00 3.701341E+00 3.587852E+00 3.473533E+00 3.359418E+00 3.245970E+00 3.133614E+00 3.022750E+00 2.913392E+00 2.806034E+00 2.700727E+00 2.597681E+00 2.497215E+00 2.399265E+00 2.304303E+00 2.212356E+00 2.123587E+00 2.038314E+00 1.956477E+00
4.384461E+00 4.384563E+00 4.384645E+00 4.384543E+00 4.384278E+00 4.383641E+00 4.382455E+00 4.380503E+00 4.377325E+00 4.372485E+00 4.365235E+00 4.354683E+00 4.339719E+00 4.318950E+00 4.290853E+00 4.253824E+00 4.206380E+00 4.147421E+00 4.076537E+00 3.994097E+00 3.901457E+00 3.800597E+00 3.693785E+00 3.583315E+00 3.470859E+00 3.357829E+00 3.245074E+00 3.133093E+00 3.022457E+00 2.913286E+00 2.805985E+00 2.700766E+00 2.597735E+00 2.497287E+00 2.399376E+00 2.304365E+00 2.212449E+00 2.123657E+00 2.038343E+00 1.956504E+00 1.878368E+00
4.258079E+00 4.258303E+00 4.258410E+00 4.258426E+00 4.258253E+00 4.257701E+00 4.256710E+00 4.254883E+00 4.251915E+00 4.247282E+00 4.240257E+00 4.230010E+00 4.215349E+00 4.194941E+00 4.167250E+00 4.130678E+00 4.083734E+00 4.025363E+00 3.955100E+00 3.873388E+00 3.781576E+00 3.681559E+00 3.575790E+00 3.466385E+00 3.355177E+00 3.243560E+00 3.132212E+00 3.021954E+00 2.913063E+00 2.805884E+00 2.700804E+00 2.597779E+00 2.497334E+00 2.399507E+00 2.304487E+00 2.212583E+00 2.123754E+00 2.038412E+00 1.956585E+00 1.878403E+00 1.804076E+00
4.131878E+00 4.132117E+00 4.132301E+00 4.132440E+00 4.132340E+00 4.131987E+00 4.131114E+00 4.129471E+00 4.126736E+00 4.122320E+00 4.115608E+00 4.105660E+00 4.091357E+00 4.071361E+00 4.044129E+00 4.008061E+00 3.961707E+00 3.903979E+00 3.834426E+00 3.753548E+00 3.662573E+00 3.563600E+00 3.458936E+00 3.350730E+00 3.240943E+00 3.130721E+00 3.021095E+00 2.912643E+00 2.805674E+00 2.700720E+00 2.597825E+00 2.497390E+00 2.399628E+00 2.304603E+00 2.212719E+00 2.123917E+00 2.038517E+00 1.956703E+00 1.878492E+00 1.804122E+00 1.733628E+00
4.005763E+00 4.006029E+00 4.006369E+00 4.006568E+00 4.006632E+00 4.006424E+00 4.005698E+00 4.004320E+00 4.001794E+00 3.997678E+00 3.991279E+00 3.981678E+00 3.967801E+00 3.948263E+00 3.921546E+00 3.886065E+00 3.840377E+00 3.783341E+00 3.714630E+00 3.634616E+00 3.544656E+00 3.446836E+00 3.343319E+00 3.236537E+00 3.128190E+00 3.019634E+00 2.911880E+00 2.805276E+00 2.700534E+00 2.597826E+00 2.497446E+00 2.399774E+00 2.304728E+00 2.212829E+00 2.124106E+00 2.038701E+00 1.956865E+00 1.878633E+00 1.804221E+00 1.733710E+00 1.667140E+00
3.879756E+00 3.880173E+00 3.880559E+00 3.880876E+00 3.881115E+00 3.881038E+00 3.880581E+00 3.879404E+00 3.877154E+00 3.873373E+00 3.867314E+00 3.858148E+00 3.844726E+00 3.825711E+00 3.799581E+00 3.764771E+00 3.719780E+00 3.663590E+00 3.595780E+00 3.516748E+00 3.427949E+00 3.331267E+00 3.229175E+00 3.123888E+00 3.017142E+00 2.910464E+00 2.804546E+00 2.700166E+00 2.597740E+00 2.497467E+00 2.399850E+00 2.304898E+00 2.212978E+00 2.124286E+00 2.038877E+00 1.957076E+00 1.878828E+00 1.804357E+00 1.733838E+00 1.667246E+00 1.604652E+00
3.753968E+00 3.754457E+00 3.754903E+00 3.755425E+00 3.755777E+00 3.755932E+00 3.755699E+00 3.754761E+00 3.752878E+00 3.749428E+00 3.743798E+00 3.735097E+00 3.722198E+00 3.703776E+00 3.678319E+00 3.644231E+00 3.600073E+00 3.544828E+00 3.477967E+00 3.400104E+00 3.312485E+00 3.217183E+00 3.116648E+00 3.012892E+00 2.908028E+00 2.803242E+00 2.699477E+00 2.597486E+00 2.497414E+00 2.399905E+00 2.305075E+00 2.213164E+00 2.124520E+00 2.039082E+00 1.957246E+00 1.879077E+00 1.804623E+00 1.734016E+00 1.667390E+00 1.604781E+00 1.546208E+00
3.628384E+00 3.628911E+00 3.629551E+00 3.630166E+00 3.630697E+00 3.631101E+00 3.631088E+00 3.630520E+00 3.628956E+00 3.625917E+00 3.620771E+00 3.612586E+00 3.600292E+00 3.582543E+00 3.557833E+00 3.524568E+00 3.481364E+00 3.427073E+00 3.361388E+00 3.284761E+00 3.198471E+00 3.104734E+00 3.005720E+00 2.903845E+00 2.800939E+00 2.698228E+00 2.596857E+00 2.497208E+00 2.399895E+00 2.305239E+00 2.213375E+00 2.124741E+00 2.039350E+00 1.957484E+00 1.879280E+00 1.804858E+00 1.734327E+00 1.667660E+00 1.604951E+00 1.546341E+00 1.491764E+00
3.502996E+00 3.503660E+00 3.504414E+00 3.505143E+00 3.505945E+00 3.506545E+00 3.506860E+00 3.506631E+00 3.505443E+00 3.502916E+00 3.498276E+00 3.490702E+00 3.479084E+00 3.462098E+00 3.438209E+00 3.405905E+00 3.363700E+00 3.310560E+00 3.246174E+00 3.170825E+00 3.086111E+00 2.993952E+00 2.896754E+00 2.796911E+00 2.695997E+00 2.595680E+00 2.496715E+00 2.399745E+00 2.305354E+00 2.213589E+00 2.124997E+00 2.039669E+00 1.957788E+00 1.879613E+00 1.805126E+00 1.734552E+00 1.667866E+00 1.605309E+00 1.546540E+00 1.491920E+00 1.441250E+00
3.377896E+00 3.378700E+00 3.379536E+00 3.380514E+00 3.381485E+00 3.382351E+00 3.383025E+00 3.383145E+00 3.382471E+00 3.380437E+00 3.376398E+00 3.369513E+00 3.358655E+00 3.342509E+00 3.319584E+00 3.288326E+00 3.247250E+00 3.195426E+00 3.132325E+00 3.058561E+00 2.975494E+00 2.885083E+00 2.789927E+00 2.692063E+00 2.593539E+00 2.495700E+00 2.399327E+00 2.305282E+00 2.213772E+00 2.125271E+00 2.040038E+00 1.958164E+00 1.879965E+00 1.805487E+00 1.734872E+00 1.668226E+00 1.605597E+00 1.546964E+00 1.492256E+00 1.441445E+00 1.394637E+00
3.253173E+00 3.254035E+00 3.255054E+00 3.256209E+00 3.257371E+00 3.258605E+00 3.259595E+00 3.260184E+00 3.260015E+00 3.258550E+00 3.255225E+00 3.249092E+00 3.239096E+00 3.223909E+00 3.202069E+00 3.171931E+00 3.132186E+00 3.081714E+00 3.020159E+00 2.948125E+00 2.866740E+00 2.778379E+00 2.685268E+00 2.589717E+00 2.493745E+00 2.398410E+00 2.304960E+00 2.213855E+00 2.125531E+00 2.040438E+00 1.958597E+00 1.880403E+00 1.805945E+00 1.735287E+00 1.668602E+00 1.605917E+00 1.547234E+00 1.492634E+00 1.441914E+00 1.394858E+00 1.351861E+00
3.128797E+00 3.129772E+00 3.130981E+00 3.132286E+00 3.133775E+00 3.135285E+00 3.136671E+00 3.137772E+00 3.138140E+00 3.137390E+00 3.134803E+00 3.129535E+00 3.120508E+00 3.106409E+00 3.085718E+00 3.056919E+00 3.018601E+00 2.969642E+00 2.909841E+00 2.839499E+00 2.760172E+00 2.673938E+00 2.583057E+00 2.490064E+00 2.396583E+00 2.304161E+00 2.213714E+00 2.125716E+00 2.040796E+00 1.959090E+00 1.880917E+00 1.806472E+00 1.735804E+00 1.669079E+00 1.606359E+00 1.547626E+00 1.492905E+00 1.442245E+00 1.395423E+00 1.352280E+00 1.312730E+00
3.004844E+00 3.006019E+00 3.007342E+00 3.008893E+00 3.010649E+00 3.012465E+00 3.014351E+00 3.015943E+00 3.016976E+00 3.016966E+00 3.015218E+00 3.010944E+00 3.002999E+00 2.990096E+00 2.970734E+00 2.943429E+00 2.906610E+00 2.859430E+00 2.801411E+00 2.733074E+00 2.655969E+00 2.571887E+00 2.483568E+00 2.393135E+00 2.302482E+00 2.213126E+00 2.125707E+00 2.041103E+00 1.959613E+00 1.881512E+00 1.807104E+00 1.736433E+00 1.669676E+00 1.606912E+00 1.548140E+00 1.493339E+00 1.442598E+00 1.395711E+00 1.352741E+00 1.313340E+00 1.277123E+00
2.881506E+00 2.882770E+00 2.884259E+00 2.886067E+00 2.888071E+00 2.890322E+00 2.892639E+00 2.894809E+00 2.896570E+00 2.897360E+00 2.896606E+00 2.893400E+00 2.886676E+00 2.875112E+00 2.857257E+00 2.831497E+00 2.796476E+00 2.751180E+00 2.695128E+00 2.629042E+00 2.554100E+00 2.472586E+00 2.386908E+00 2.299214E+00 2.211626E+00 2.125286E+00 2.041246E+00 1.960111E+00 1.882167E+00 1.807820E+00 1.737188E+00 1.670409E+00 1.607597E+00 1.548786E+00 1.493928E+00 1.443110E+00 1.396159E+00 1.353004E+00 1.313702E+00 1.277864E+00 1.245162E+00
2.758762E+00 2.760125E+00 2.761858E+00 2.763862E+00 2.766198E+00 2.768841E+00 2.771627E+00 2.774480E+00 2.776978E+00 2.778706E+00 2.779013E+00 2.777009E+00 2.771653E+00 2.761599E+00 2.745373E+00 2.721401E+00 2.688360E+00 2.645021E+00 2.591252E+00 2.527439E+00 2.455004E+00 2.376221E+00 2.293204E+00 2.208572E+00 2.124057E+00 2.041015E+00 1.960478E+00 1.882834E+00 1.808626E+00 1.738067E+00 1.671295E+00 1.608433E+00 1.549585E+00 1.494673E+00 1.443758E+00 1.396753E+00 1.353488E+00 1.314056E+00 1.278131E+00 1.245733E+00 1.216351E+00
2.636720E+00 2.638280E+00 2.640171E+00 2.642413E+00 2.645099E+00 2.648125E+00 2.651493E+00 2.654993E+00 2.658320E+00 2.661073E+00 2.662535E+00 2.661907E+00 2.658051E+00 2.649677E+00 2.635257E+00 2.613298E+00 2.582289E+00 2.541266E+00 2.489897E+00 2.428550E+00 2.358878E+00 2.282769E+00 2.202811E+00 2.121316E+00 2.040019E+00 1.960469E+00 1.883411E+00 1.809481E+00 1.739064E+00 1.672335E+00 1.609458E+00 1.550560E+00 1.495595E+00 1.444575E+00 1.397509E+00 1.354169E+00 1.314626E+00 1.278602E+00 1.245963E+00 1.216731E+00 1.190457E+00
2.515553E+00 2.517269E+00 2.519325E+00 2.521866E+00 2.524859E+00 2.528335E+00 2.532267E+00 2.536457E+00 2.540721E+00 2.544540E+00 2.547312E+00 2.548169E+00 2.545987E+00 2.539469E+00 2.527082E+00 2.507281E+00 2.478590E+00 2.440091E+00 2.391195E+00 2.332650E+00 2.265766E+00 2.192654E+00 2.115902E+00 2.037559E+00 1.959740E+00 1.883699E+00 1.810292E+00 1.740144E+00 1.673534E+00 1.610680E+00 1.551737E+00 1.496722E+00 1.445587E+00 1.398453E+00 1.355037E+00 1.315355E+00 1.279257E+00 1.246472E+00 1.217057E+00 1.190652E+00 1.167259E+00
2.395379E+00 2.397229E+00 2.399513E+00 2.402304E+00 2.405631E+00 2.409578E+00 2.414074E+00 2.419047E+00 2.424247E+00 2.429235E+00 2.433430E+00 2.435905E+00 2.435601E+00 2.431120E+00 2.420979E+00 2.403545E+00 2.377437E+00 2.341523E+00 2.295479E+00 2.239861E+00 2.175941E+00 2.106060E+00 2.032474E+00 1.957593E+00 1.883313E+00 1.810866E+00 1.741219E+00 1.674866E+00 1.612103E+00 1.553142E+00 1.498088E+00 1.446875E+00 1.399618E+00 1.356117E+00 1.316285E+00 1.280099E+00 1.247216E+00 1.217657E+00 1.191111E+00 1.167384E+00 1.146552E+00
2.276334E+00 2.278337E+00 2.280839E+00 2.283882E+00 2.287579E+00 2.291980E+00 2.297079E+00 2.302842E+00 2.309023E+00 2.315287E+00 2.320980E+00 2.325254E+00 2.326978E+00 2.324753E+00 2.317074E+00 2.302273E+00 2.278930E+00 2.245900E+00 2.202924E+00 2.150309E+00 2.089662E+00 2.023046E+00 1.952867E+00 1.881555E+00 1.810827E+00 1.742111E+00 1.676248E+00 1.613709E+00 1.554787E+00 1.499722E+00 1.448442E+00 1.401046E+00 1.357448E+00 1.317451E+00 1.281162E+00 1.248176E+00 1.218447E+00 1.191795E+00 1.167921E+00 1.146795E+00 1.128154E+00
2.158589E+00 2.160766E+00 2.163474E+00 2.166783E+00 2.170843E+00 2.175700E+00 2.181427E+00 2.187987E+00 2.195217E+00 2.202788E+00 2.210091E+00 2.216306E+00 2.220225E+00 2.220516E+00 2.215507E+00 2.203604E+00 2.183252E+00 2.153388E+00 2.113575E+00 2.064296E+00 2.007044E+00 1.943825E+00 1.877225E+00 1.809473E+00 1.742450E+00 1.677502E+00 1.615427E+00 1.556691E+00 1.501648E+00 1.450326E+00 1.402787E+00 1.359080E+00 1.318956E+00 1.282485E+00 1.249380E+00 1.219473E+00 1.192698E+00 1.168691E+00 1.147405E+00 1.128557E+00 1.111949E+00
2.042346E+00 2.044702E+00 2.047593E+00 2.051192E+00 2.055608E+00 2.060923E+00 2.067279E+00 2.074647E+00 2.082948E+00 2.091872E+00 2.100894E+00 2.109145E+00 2.115486E+00 2.118465E+00 2.116388E+00 2.107658E+00 2.090572E+00 2.064106E+00 2.027713E+00 1.981973E+00 1.928197E+00 1.868591E+00 1.805617E+00 1.741534E+00 1.678253E+00 1.617082E+00 1.558770E+00 1.503862E+00 1.452556E+00 1.404888E+00 1.361067E+00 1.320802E+00 1.284122E+00 1.250873E+00 1.220769E+00 1.193853E+00 1.169711E+00 1.148232E+00 1.129241E+00 1.112470E+00 1.097803E+00
1.927832E+00 1.930331E+00 1.933426E+00 1.937313E+00 1.942040E+00 1.947850E+00 1.954809E+00 1.962992E+00 1.972378E+00 1.982692E+00 1.993482E+00 2.003897E+00 2.012820E+00 2.018683E+00 2.019890E+00 2.014523E+00 2.001027E+00 1.978185E+00 1.945473E+00 1.903418E+00 1.853330E+00 1.797447E+00 1.738157E+00 1.677808E+00 1.618304E+00 1.560858E+00 1.506308E+00 1.455140E+00 1.407441E+00 1.363465E+00 1.323052E+00 1.286138E+00 1.252716E+00 1.222438E+00 1.195301E+00 1.171003E+00 1.149331E+00 1.130175E+00 1.113229E+00 1.098389E+00 1.085434E+00
1.815275E+00 1.817871E+00 1.821211E+00 1.825313E+00 1.830407E+00 1.836689E+00 1.844211E+00 1.853227E+00 1.863673E+00 1.875395E+00 1.887984E+00 1.900674E+00 1.912282E+00 1.921315E+00 1.925972E+00 1.924271E+00 1.914715E+00 1.895728E+00 1.866993E+00 1.828781E+00 1.782541E+00 1.730466E+00 1.674932E+00 1.618372E+00 1.562583E+00 1.508822E+00 1.458026E+00 1.410417E+00 1.366323E+00 1.325771E+00 1.288607E+00 1.254981E+00 1.224497E+00 1.197104E+00 1.172616E+00 1.150728E+00 1.131395E+00 1.114278E+00 1.099223E+00 1.086079E+00 1.074657E+00
1.704813E+00 1.707625E+00 1.711142E+00 1.715475E+00 1.720940E+00 1.727583E+00 1.735738E+00 1.745522E+00 1.756997E+00 1.770140E+00 1.784539E+00 1.799541E+00 1.813971E+00 1.826353E+00 1.834664E+00 1.837110E+00 1.831610E+00 1.816865E+00 1.792306E+00 1.758134E+00 1.715951E+00 1.667708E+00 1.616009E+00 1.563209E+00 1.511076E+00 1.461056E+00 1.413772E+00 1.369665E+00 1.329015E+00 1.291661E+00 1.257749E+00 1.227027E+00 1.199338E+00 1.174618E+00 1.152513E+00 1.132936E+00 1.115627E+00 1.100367E+00 1.087017E+00 1.075367E+00 1.065289E+00
1.596844E+00 1.599846E+00 1.603447E+00 1.608083E+00 1.613794E+00 1.620873E+00 1.629612E+00 1.640075E+00 1.652598E+00 1.667067E+00 1.683282E+00 1.700599E+00 1.717967E+00 1.733773E+00 1.746107E+00 1.752825E+00 1.751716E+00 1.741654E+00 1.721408E+00 1.691632E+00 1.653514E+00 1.609199E+00 1.561416E+00 1.512275E+00 1.463843E+00 1.417347E+00 1.373455E+00 1.332815E+00 1.295310E+00 1.261104E+00 1.230115E+00 1.202095E+00 1.177094E+00 1.154725E+00 1.134864E+00 1.117323E+00 1.101836E+00 1.088276E+00 1.076416E+00 1.066092E+00 1.057194E+00
1.491637E+00 1.494638E+00 1.498491E+00 1.503329E+00 1.509288E+00 1.516804E+00 1.525952E+00 1.537172E+00 1.550630E+00 1.566380E+00 1.584358E+00 1.603969E+00 1.624264E+00 1.643635E+00 1.660179E+00 1.671361E+00 1.675284E+00 1.669890E+00 1.654398E+00 1.629173E+00 1.595218E+00 1.555087E+00 1.511037E+00 1.465588E+00 1.420742E+00 1.377594E+00 1.337139E+00 1.299594E+00 1.265122E+00 1.233856E+00 1.205518E+00 1.180141E+00 1.157457E+00 1.137263E+00 1.119439E+00 1.103696E+00 1.089881E+00 1.077797E+00 1.067254E+00 1.058103E+00 1.050234E+00
1.389326E+00 1.392469E+00 1.396535E+00 1.401440E+00 1.407734E+00 1.415514E+00 1.425144E+00 1.437036E+00 1.451283E+00 1.468284E+00 1.487883E+00 1.509735E+00 1.532910E+00 1.555965E+00 1.576735E+00 1.592839E+00 1.601854E+00 1.601485E+00 1.591280E+00 1.570608E+00 1.541213E+00 1.505113E+00 1.464809E+00 1.423116E+00 1.381607E+00 1.341817E+00 1.304479E+00 1.269848E+00 1.238330E+00 1.209662E+00 1.183868E+00 1.160814E+00 1.140233E+00 1.122067E+00 1.106011E+00 1.091896E+00 1.079547E+00 1.068765E+00 1.059376E+00 1.051258E+00 1.044265E+00
1.290281E+00 1.293610E+00 1.297652E+00 1.302814E+00 1.309313E+00 1.317334E+00 1.327430E+00 1.339760E+00 1.354848E+00 1.372927E+00 1.394037E+00 1.418008E+00 1.443994E+00 1.470637E+00 1.495764E+00 1.516980E+00 1.531250E+00 1.536717E+00 1.531632E+00 1.515988E+00 1.491252E+00 1.459168E+00 1.422885E+00 1.384592E+00 1.346393E+00 1.309783E+00 1.275308E+00 1.243587E+00 1.214615E+00 1.188385E+00 1.164913E+00 1.143915E+00 1.125314E+00 1.108882E+00 1.094410E+00 1.081740E+00 1.070670E+00 1.061018E+00 1.052648E+00 1.045413E+00 1.039180E+00
1.194848E+00 1.198168E+00 1.202331E+00 1.207697E+00 1.214233E+00 1.222576E+00 1.232925E+00 1.245735E+00 1.261532E+00 1.280476E+00 1.302999E+00 1.328867E+00 1.357524E+00 1.387628E+00 1.417217E+00 1.443487E+00 1.463547E+00 1.474846E+00 1.475250E+00 1.465249E+00 1.445041E+00 1.417375E+00 1.384827E+00 1.349872E+00 1.315011E+00 1.281243E+00 1.249586E+00 1.220427E+00 1.193788E+00 1.169872E+00 1.148406E+00 1.129307E+00 1.112426E+00 1.097529E+00 1.084471E+00 1.073053E+00 1.063089E+00 1.054429E+00 1.046940E+00 1.040442E+00 1.034886E+00
1.103188E+00 1.106497E+00 1.110820E+00 1.116132E+00 1.122883E+00 1.131397E+00 1.141940E+00 1.155181E+00 1.171398E+00 1.191202E+00 1.214888E+00 1.242453E+00 1.273556E+00 1.306977E+00 1.340832E+00 1.372252E+00 1.398299E+00 1.415562E+00 1.422410E+00 1.417757E+00 1.402561E+00 1.379364E+00 1.350443E+00 1.319069E+00 1.287102E+00 1.256092E+00 1.227044E+00 1.200166E+00 1.175790E+00 1.153827E+00 1.134179E+00 1.116774E+00 1.101384E+00 1.087856E+00 1.076015E+00 1.065677E+00 1.056671E+00 1.048872E+00 1.042100E+00 1.036267E+00 1.031273E+00
1.015475E+00 1.018907E+00 1.023196E+00 1.028574E+00 1.035474E+00 1.043968E+00 1.054756E+00 1.068185E+00 1.084810E+00 1.105278E+00 1.129836E+00 1.158906E+00 1.192122E+00 1.228612E+00 1.266503E+00 1.303130E+00 1.335044E+00 1.358853E+00 1.372118E+00 1.373192E+00 1.363677E+00 1.344725E+00 1.319796E+00 1.291654E+00 1.262468E+00 1.234194E+00 1.207404E+00 1.182706E+00 1.160280E+00 1.140056E+00 1.122069E+00 1.106107E+00 1.092029E+00 1.079682E+00 1.068893E+00 1.059468E+00 1.051296E+00 1.044202E+00 1.038062E+00 1.032794E+00 1.028241E+00
9.320743E-01 9.355173E-01 9.397503E-01 9.452200E-01 9.520160E-01 9.606269E-01 9.714938E-01 9.850094E-01 1.001946E+00 1.022739E+00 1.048078E+00 1.078306E+00 1.113325E+00 1.152533E+00 1.194184E+00 1.235744E+00 1.273552E+00 1.304126E+00 1.323929E+00 1.331782E+00 1.327597E+00 1.313362E+00 1.292449E+00 1.267380E+00 1.241145E+00 1.215175E+00 1.190518E+00 1.167791E+00 1.147057E+00 1.128440E+00 1.111845E+00 1.097139E+00 1.084197E+00 1.072860E+00 1.062942E+00 1.054317E+00 1.046834E+00 1.040332E+00 1.034737E+00 1.029895E+00 1.025751E+00
8.531353E-01 8.564411E-01 8.607203E-01 8.661080E-01 8.728769E-01 8.815240E-01 8.922721E-01 9.058774E-01 9.228593E-01 9.438939E-01 9.697483E-01 1.000750E+00 1.037268E+00 1.078714E+00 1.123766E+00 1.169906E+00 1.213581E+00 1.250777E+00 1.277710E+00 1.292358E+00 1.293904E+00 1.285076E+00 1.267928E+00 1.246237E+00 1.222616E+00 1.198816E+00 1.176221E+00 1.155165E+00 1.135978E+00 1.118728E+00 1.103335E+00 1.089714E+00 1.077735E+00 1.067232E+00 1.058064E+00 1.050108E+00 1.043170E+00 1.037186E+00 1.032010E+00 1.027544E+00 1.023738E+00
7.786228E-01 7.819354E-01 7.861682E-01 7.914333E-01 7.981789E-01 8.066386E-01 8.173410E-01 8.308629E-01 8.477465E-01 8.688730E-01 8.948515E-01 9.264400E-01 9.639973E-01 1.007240E+00 1.055213E+00 1.105457E+00 1.154692E+00 1.198449E+00 1.232769E+00 1.254368E+00 1.262736E+00 1.259003E+00 1.246075E+00 1.227781E+00 1.206616E+00 1.185073E+00 1.164189E+00 1.144660E+00 1.126835E+00 1.110744E+00 1.096386E+00 1.083679E+00 1.072495E+00 1.062686E+00 1.054147E+00 1.046698E+00 1.040244E+00 1.034666E+00 1.029826E+00 1.025680E+00 1.022105E+00
7.087741E-01 7.120642E-01 7.161312E-01 7.213327E-01 7.279154E-01 7.362129E-01 7.467798E-01 7.600242E-01 7.767595E-01 7.976943E-01 8.236403E-01 8.554791E-01 8.935824E-01 9.382097E-01 9.884353E-01 1.042331E+00 1.096645E+00 1.146807E+00 1.188419E+00 1.217534E+00 1.232859E+00 1.234663E+00 1.226641E+00 1.211534E+00 1.193070E+00 1.173509E+00 1.154211E+00 1.136107E+00 1.119423E+00 1.104333E+00 1.090844E+00 1.078894E+00 1.068345E+00 1.059120E+00 1.051060E+00 1.044041E+00 1.037975E+00 1.032687E+00 1.028141E+00 1.024220E+00 1.020847E+00
6.436094E-01 6.467549E-01 6.507312E-01 6.558002E-01 6.621677E-01 6.702846E-01 6.805341E-01 6.935090E-01 7.099215E-01 7.304858E-01 7.562004E-01 7.878428E-01 8.262188E-01 8.716475E-01 9.235451E-01 9.804865E-01 1.039148E+00 1.095437E+00 1.144182E+00 1.181133E+00 1.203652E+00 1.212082E+00 1.208773E+00 1.197298E+00 1.181568E+00 1.163871E+00 1.146184E+00 1.129260E+00 1.113581E+00 1.099338E+00 1.086568E+00 1.075209E+00 1.065195E+00 1.056418E+00 1.048729E+00 1.042059E+00 1.036248E+00 1.031221E+00 1.026886E+00 1.023130E+00 1.019922E+00
5.830562E-01 5.860790E-01 5.899400E-01 5.947933E-01 6.009621E-01 6.087973E-01 6.187103E-01 6.313236E-01 6.472325E-01 6.673313E-01 6.925198E-01 7.237475E-01 7.619938E-01 8.076154E-01 8.606762E-01 9.197900E-01 9.822700E-01 1.044083E+00 1.099654E+00 1.144455E+00 1.174702E+00 1.190064E+00 1.191967E+00 1.184802E+00 1.171677E+00 1.156049E+00 1.139778E+00 1.123937E+00 1.109152E+00 1.095614E+00 1.083416E+00 1.072539E+00 1.062944E+00 1.054477E+00 1.047093E+00 1.040653E+00 1.035049E+00 1.030213E+00 1.026002E+00 1.022386E+00 1.019275E+00
5.270560E-01 5.299615E-01 5.336447E-01 5.382987E-01 5.442238E-01 5.517232E-01 5.612656E-01 5.733799E-01 5.887437E-01 6.082093E-01 6.326704E-01 6.640690E-01 7.008675E-01 7.463379E-01 7.998599E-01 8.604223E-01 9.260043E-01 9.923353E-01 1.054527E+00 1.106936E+00 1.145305E+00 1.167958E+00 1.176153E+00 1.173254E+00 1.163187E+00 1.149690E+00 1.134773E+00 1.120011E+00 1.105971E+00 1.093024E+00 1.081281E+00 1.070785E+00 1.061460E+00 1.053251E+00 1.046068E+00 1.039778E+00 1.034326E+00 1.029581E+00 1.025478E+00 1.021943E+00 1.018887E+00
4.755045E-01 4.782743E-01 4.817682E-01 4.862049E-01 4.918384E-01 4.989888E-01 5.080960E-01 5.196661E-01 5.343990E-01 5.530713E-01 5.766841E-01 6.063167E-01 6.430462E-01 6.879105E-01 7.411760E-01 8.025952E-01 8.702071E-01 9.404600E-01 1.008567E+00 1.068129E+00 1.114785E+00 1.145245E+00 1.160224E+00 1.162159E+00 1.155829E+00 1.144420E+00 1.131052E+00 1.117247E+00 1.103889E+00 1.091439E+00 1.080064E+00 1.069830E+00 1.060708E+00 1.052671E+00 1.045581E+00 1.039399E+00 1.034011E+00 1.029323E+00 1.025279E+00 1.021761E+00 1.018743E+00
4.282439E-01 4.308581E-01 4.341568E-01 4.383598E-01 4.436821E-01 4.504599E-01 4.590861E-01 4.700741E-01 4.840815E-01 5.018943E-01 5.245066E-01 5.529870E-01 5.885749E-01 6.322985E-01 6.849073E-01 7.463794E-01 8.151606E-01 8.885233E-01 9.612841E-01 1.027883E+00 1.082532E+00 1.121273E+00 1.143529E+00 1.151388E+00 1.148889E+00 1.140046E+00 1.128321E+00 1.115463E+00 1.102789E+00 1.090750E+00 1.079662E+00 1.069604E+00 1.060618E+00 1.052637E+00 1.045609E+00 1.039461E+00 1.034077E+00 1.029409E+00 1.025348E+00 1.021838E+00 1.018815E+00
3.850806E-01 3.875243E-01 3.906351E-01 3.945788E-01 3.995804E-01 4.059678E-01 4.140882E-01 4.244614E-01 4.376934E-01 4.545773E-01 4.760578E-01 5.032596E-01 5.374213E-01 5.797182E-01 6.311795E-01 6.918977E-01 7.611812E-01 8.364135E-01 9.131659E-01 9.860184E-01 1.048084E+00 1.095431E+00 1.125490E+00 1.139927E+00 1.141898E+00 1.136318E+00 1.126264E+00 1.114565E+00 1.102502E+00 1.090846E+00 1.079977E+00 1.070044E+00 1.061107E+00 1.053136E+00 1.046110E+00 1.039913E+00 1.034506E+00 1.029793E+00 1.025693E+00 1.022153E+00 1.019080E+00
3.457829E-01 3.480677E-01 3.509795E-01 3.546550E-01 3.593498E-01 3.653155E-01 3.729257E-01 3.826556E-01 3.950831E-01 4.109835E-01 4.312659E-01 4.570635E-01 4.896044E-01 5.302207E-01 5.799873E-01 6.395029E-01 7.084068E-01 7.845250E-01 8.643730E-01 9.420149E-01 1.011457E+00 1.067095E+00 1.105514E+00 1.127149E+00 1.134712E+00 1.132590E+00 1.124717E+00 1.114301E+00 1.102883E+00 1.091635E+00 1.080936E+00 1.071078E+00 1.062128E+00 1.054124E+00 1.047014E+00 1.040749E+00 1.035263E+00 1.030461E+00 1.026294E+00 1.022670E+00 1.019538E+00
3.101166E-01 3.122595E-01 3.149526E-01 3.183819E-01 3.227459E-01 3.282915E-01 3.353975E-01 3.444644E-01 3.560835E-01 3.709640E-01 3.900048E-01 4.143028E-01 4.451089E-01 4.837877E-01 5.315628E-01 5.893650E-01 6.570217E-01 7.332852E-01 8.148636E-01 8.965613E-01 9.725416E-01 1.035819E+00 1.083057E+00 1.112453E+00 1.126388E+00 1.128424E+00 1.123461E+00 1.114402E+00 1.103867E+00 1.092987E+00 1.082458E+00 1.072635E+00 1.063642E+00 1.055546E+00 1.048319E+00 1.041941E+00 1.036317E+00 1.031405E+00 1.027122E+00 1.023397E+00 1.020178E+00
2.778644E-01 2.798334E-01 2.823249E-01 2.855072E-01 2.895367E-01 2.946931E-01 3.012712E-01 3.096890E-01 3.204938E-01 3.343452E-01 3.521281E-01 3.748792E-01 4.038608E-01 4.404330E-01 4.859742E-01 5.415275E-01 6.074421E-01 6.829147E-01 7.651362E-01 8.499186E-01 9.308374E-01 1.001759E+00 1.057512E+00 1.095296E+00 1.116326E+00 1.123691E+00 1.121896E+00 1.114739E+00 1.105237E+00 1.094787E+00 1.084485E+00 1.074664E+00 1.065602E+00 1.057370E+00 1.049997E+00 1.043446E+00 1.037668E+00 1.032605E+00 1.028173E+00 1.024324E+00 1.020979E+00
2.487402E-01 2.505427E-01 2.528565E-01 2.557777E-01 2.595021E-01 2.642575E-01 2.703218E-01 2.781158E-01 2.881039E-01 3.009491E-01 3.174638E-01 3.386569E-01 3.657608E-01 4.001371E-01 4.432267E-01 4.962332E-01 5.598867E-01 6.336674E-01 7.157173E-01 8.021366E-01 8.871866E-01 9.648808E-01 1.028458E+00 1.075195E+00 1.103930E+00 1.117494E+00 1.119614E+00 1.115122E+00 1.106754E+00 1.097001E+00 1.086902E+00 1.077105E+00 1.067961E+00 1.059573E+00 1.052015E+00 1.045265E+00 1.039299E+00 1.034042E+00 1.029444E+00 1.025434E+00 1.021948E+00
2.224957E-01 2.241660E-01 2.262800E-01 2.289609E-01 2.323896E-01 2.367500E-01 2.423417E-01 2.495062E-01 2.587096E-01 2.705686E-01 2.858324E-01 3.054896E-01 3.306989E-01 3.628310E-01 4.033350E-01 4.535708E-01 5.144571E-01 5.860059E-01 6.669127E-01 7.537998E-01 8.419427E-01 9.247328E-01 9.961583E-01 1.051567E+00 1.088697E+00 1.109254E+00 1.116514E+00 1.114978E+00 1.108319E+00 1.099433E+00 1.089617E+00 1.079930E+00 1.070676E+00 1.062125E+00 1.054353E+00 1.047382E+00 1.041187E+00 1.035719E+00 1.030923E+00 1.026728E+00 1.023081E+00
1.989048E-01 2.004321E-01 2.023573E-01 2.048242E-01 2.079541E-01 2.119536E-01 2.170768E-01 2.236395E-01 2.321006E-01 2.429942E-01 2.570565E-01 2.751996E-01 2.985391E-01 3.284198E-01 3.662798E-01 4.135723E-01 4.713978E-01 5.401942E-01 6.190434E-01 7.055123E-01 7.952515E-01 8.822605E-01 9.606431E-01 1.024025E+00 1.070185E+00 1.098396E+00 1.111721E+00 1.113924E+00 1.109769E+00 1.101865E+00 1.092623E+00 1.083031E+00 1.073704E+00 1.064996E+00 1.056995E+00 1.049780E+00 1.043333E+00 1.037628E+00 1.032603E+00 1.028205E+00 1.024370E+00
1.777244E-01 1.791095E-01 1.808765E-01 1.831205E-01 1.859754E-01 1.896326E-01 1.943052E-01 2.003150E-01 2.080498E-01 2.180283E-01 2.309356E-01 2.476116E-01 2.691417E-01 2.967893E-01 3.320005E-01 3.762547E-01 4.308164E-01 4.963911E-01 5.726006E-01 6.576566E-01 7.477622E-01 8.378948E-01 9.215231E-01 9.929018E-01 1.047839E+00 1.084443E+00 1.104678E+00 1.111891E+00 1.110545E+00 1.104219E+00 1.095738E+00 1.086332E+00 1.077039E+00 1.068148E+00 1.059923E+00 1.052444E+00 1.045728E+00 1.039759E+00 1.034487E+00 1.029862E+00 1.025816E+00
1.587261E-01 1.599894E-01 1.615967E-01 1.636324E-01 1.662399E-01 1.695638E-01 1.738238E-01 1.793014E-01 1.863513E-01 1.954731E-01 2.072712E-01 2.225558E-01 2.423321E-01 2.678085E-01 3.004095E-01 3.415995E-01 3.927696E-01 4.548354E-01 5.278857E-01 6.106123E-01 7.001342E-01 7.918677E-01 8.798062E-01 9.582809E-01 1.021302E+00 1.066978E+00 1.094827E+00 1.108011E+00 1.110281E+00 1.106356E+00 1.098755E+00 1.089843E+00 1.080577E+00 1.071550E+00 1.063119E+00 1.055363E+00 1.048366E+00 1.042111E+00 1.036573E+00 1.031695E+00 1.027424E+00
1.417082E-01 1.428584E-01 1.443122E-01 1.461669E-01 1.485302E-01 1.515478E-01 1.554225E-01 1.603973E-01 1.668188E-01 1.751213E-01 1.858789E-01 1.998445E-01 2.179440E-01 2.413464E-01 2.713916E-01 3.095549E-01 3.572761E-01 4.156504E-01 4.851072E-01 5.648852E-01 6.528131E-01 7.448740E-01 8.359820E-01 9.198307E-01 9.909527E-01 1.045473E+00 1.081709E+00 1.101741E+00 1.108936E+00 1.107721E+00 1.101614E+00 1.093394E+00 1.084249E+00 1.075209E+00 1.066549E+00 1.058530E+00 1.051237E+00 1.044683E+00 1.038857E+00 1.033710E+00 1.029192E+00
1.264816E-01 1.275195E-01 1.288381E-01 1.305182E-01 1.326554E-01 1.353959E-01 1.389050E-01 1.434197E-01 1.492483E-01 1.567864E-01 1.665775E-01 1.792943E-01 1.958184E-01 2.172353E-01 2.448225E-01 2.800401E-01 3.243182E-01 3.789123E-01 4.444952E-01 5.208057E-01 6.062249E-01 6.976107E-01 7.903524E-01 8.785943E-01 9.569112E-01 1.019594E+00 1.064925E+00 1.092540E+00 1.105642E+00 1.107962E+00 1.104188E+00 1.096784E+00 1.088082E+00 1.079023E+00 1.070186E+00 1.061932E+00 1.054332E+00 1.047473E+00 1.041340E+00 1.035907E+00 1.031123E+00
1.128614E-01 1.137987E-01 1.149930E-01 1.165090E-01 1.184457E-01 1.209220E-01 1.240962E-01 1.281857E-01 1.334617E-01 1.403000E-01 1.491814E-01 1.607360E-01 1.757818E-01 1.953193E-01 2.205799E-01 2.529407E-01 2.938508E-01 3.446411E-01 4.061843E-01 4.786212E-01 5.608820E-01 6.505708E-01 7.436432E-01 8.351037E-01 9.188942E-01 9.897467E-01 1.043963E+00 1.079960E+00 1.099867E+00 1.107057E+00 1.105929E+00 1.099962E+00 1.091910E+00 1.082932E+00 1.074052E+00 1.065538E+00 1.057649E+00 1.050475E+00 1.044023E+00 1.038288E+00 1.033220E+00
1.006861E-01 1.015351E-01 1.026108E-01 1.039803E-01 1.057288E-01 1.079624E-01 1.108331E-01 1.145260E-01 1.192975E-01 1.254844E-01 1.335241E-01 1.440057E-01 1.576660E-01 1.754501E-01 1.985035E-01 2.281385E-01 2.657989E-01 3.128188E-01 3.702652E-01 4.385533E-01 5.171359E-01 6.042154E-01 6.965754E-01 7.897131E-01 8.779635E-01 9.560777E-01 1.018510E+00 1.063613E+00 1.091082E+00 1.104136E+00 1.106490E+00 1.102815E+00 1.095536E+00 1.086969E+00 1.078041E+00 1.069325E+00 1.061183E+00 1.053681E+00 1.046909E+00 1.040854E+00 1.035487E+00
8.981234E-02 9.057597E-02 9.154487E-02 9.278049E-02 9.435490E-02 9.637121E-02 9.895866E-02 1.022898E-01 1.065983E-01 1.121840E-01 1.194551E-01 1.289380E-01 1.413169E-01 1.574674E-01 1.784468E-01 2.055183E-01 2.400491E-01 2.834058E-01 3.367586E-01 4.007445E-01 4.752629E-01 5.590591E-01 6.496764E-01 7.431685E-01 8.346805E-01 9.183395E-01 9.889848E-01 1.043000E+00 1.078846E+00 1.098676E+00 1.105865E+00 1.104794E+00 1.098917E+00 1.090972E+00 1.082099E+00 1.073320E+00 1.064900E+00 1.057094E+00 1.049993E+00 1.043607E+00 1.037929E+00
8.010115E-02 8.078711E-02 8.166092E-02 8.277196E-02 8.418994E-02 8.600554E-02 8.833442E-02 9.133779E-02 9.521963E-02 1.002579E-01 1.068201E-01 1.153844E-01 1.265859E-01 1.412167E-01 1.602710E-01 1.849263E-01 2.164880E-01 2.563308E-01 3.056465E-01 3.652960E-01 4.354774E-01 5.154685E-01 6.034322E-01 6.962064E-01 7.894362E-01 8.776038E-01 9.555541E-01 1.017819E+00 1.062778E+00 1.090156E+00 1.103182E+00 1.105558E+00 1.101947E+00 1.094747E+00 1.086265E+00 1.077421E+00 1.068781E+00 1.060709E+00 1.053270E+00 1.046553E+00 1.040547E+00
7.143128E-02 7.204910E-02 7.283393E-02 7.383253E-02 7.510840E-02 7.674024E-02 7.883670E-02 8.153828E-02 8.503220E-02 8.957096E-02 9.548331E-02 1.032111E-01 1.133249E-01 1.265568E-01 1.438270E-01 1.662240E-01 1.950057E-01 2.314816E-01 2.768923E-01 3.322289E-01 3.979278E-01 4.737399E-01 5.583578E-01 6.493776E-01 7.429897E-01 8.344514E-01 9.179945E-01 9.885004E-01 1.042387E+00 1.078140E+00 1.097922E+00 1.105110E+00 1.104076E+00 1.098257E+00 1.090379E+00 1.081573E+00 1.072859E+00 1.064497E+00 1.056743E+00 1.049690E+00 1.043344E+00
6.369444E-02 6.424932E-02 6.495348E-02 6.585142E-02 6.699686E-02 6.846332E-02 7.034727E-02 7.277464E-02 7.591763E-02 7.999950E-02 8.532185E-02 9.228313E-02 1.014011E-01 1.133522E-01 1.289714E-01 1.492800E-01 1.754538E-01 2.087478E-01 2.504277E-01 3.015246E-01 3.627222E-01 4.340831E-01 5.148302E-01 6.031853E-01 6.960873E-01 7.892984E-01 8.773831E-01 9.552215E-01 1.017380E+00 1.062249E+00 1.089570E+00 1.102578E+00 1.104969E+00 1.101398E+00 1.094249E+00 1.085821E+00 1.077030E+00 1.068437E+00 1.060411E+00 1.053011E+00 1.046329E+00
5.679136E-02 5.728875E-02 5.792127E-02 5.872668E-02 5.975450E-02 6.107129E-02 6.276202E-02 6.494268E-02 6.776530E-02 7.143307E-02 7.621917E-02 8.248122E-02 9.069455E-02 1.014688E-01 1.155734E-01 1.339539E-01 1.576993E-01 1.880234E-01 2.261407E-01 2.731487E-01 3.298818E-01 3.966500E-01 4.731595E-01 5.581443E-01 6.492954E-01 7.429125E-01 8.343134E-01 9.177758E-01 9.881927E-01 1.041999E+00 1.077692E+00 1.097444E+00 1.104633E+00 1.103623E+00 1.097840E+00 1.090005E+00 1.081241E+00 1.072567E+00 1.064242E+00 1.056522E+00 1.049499E+00
5.063291E-02 5.107902E-02 5.164618E-02 5.236799E-02 5.329029E-02 5.447091E-02 5.598777E-02 5.794433E-02 6.047692E-02 6.377075E-02 6.806897E-02 7.369764E-02 8.108569E-02 9.078613E-02 1.035079E-01 1.201110E-01 1.416167E-01 1.691638E-01 2.039233E-01 2.470347E-01 2.993879E-01 3.615535E-01 4.335521E-01 5.146385E-01 6.031285E-01 6.960457E-01 7.892182E-01 8.772434E-01 9.550101E-01 1.017102E+00 1.061914E+00 1.089199E+00 1.102196E+00 1.104597E+00 1.101052E+00 1.093934E+00 1.085540E+00 1.076782E+00 1.068221E+00 1.060222E+00 1.052848E+00
4.513989E-02 4.553980E-02 4.604772E-02 4.669489E-02 4.752118E-02 4.857920E-02 4.993916E-02 5.169290E-02 5.396464E-02 5.691898E-02 6.077614E-02 6.583089E-02 7.246879E-02 8.119561E-02 9.265157E-02 1.076282E-01 1.270717E-01 1.520398E-01 1.836720E-01 2.230708E-01 2.712074E-01 3.288151E-01 3.961625E-01 4.729874E-01 5.581013E-01 6.492749E-01 7.428704E-01 8.342262E-01 9.176368E-01 9.879978E-01 1.041753E+00 1.077409E+00 1.097143E+00 1.104332E+00 1.103337E+00 1.097576E+00 1.089769E+00 1.081031E+00 1.072383E+00 1.064082E+00 1.056382E+00
4.024121E-02 4.059914E-02 4.105406E-02 4.163363E-02 4.237342E-02 4.332141E-02 4.453942E-02 4.611082E-02 4.814664E-02 5.079449E-02 5.425404E-02 5.878856E-02 6.474828E-02 7.258975E-02 8.289368E-02 9.638820E-02 1.139358E-01 1.365300E-01 1.652442E-01 2.011502E-01 2.452746E-01 2.984158E-01 3.611067E-01 4.333949E-01 5.146021E-01 6.031220E-01 6.960258E-01 7.891676E-01 8.771545E-01 9.548761E-01 1.016926E+00 1.061702E+00 1.088965E+00 1.101955E+00 1.104362E+00 1.100833E+00 1.093735E+00 1.085363E+00 1.076626E+00 1.068084E+00 1.060104E+00
3.587272E-02 3.619301E-02 3.660027E-02 3.711886E-02 3.778128E-02 3.862976E-02 3.972016E-02 4.112741E-02 4.295041E-02 4.532284E-02 4.842275E-02 5.248791E-02 5.783452E-02 6.487332E-02 7.413424E-02 8.627578E-02 1.020918E-01 1.225042E-01 1.485135E-01 1.811706E-01 2.214778E-01 2.703232E-01 3.284064E-01 3.960174E-01 4.729566E-01 5.581014E-01 6.492679E-01 7.428440E-01 8.341707E-01 9.175487E-01 9.878745E-01 1.041598E+00 1.077231E+00 1.096952E+00 1.104142E+00 1.103156E+00 1.097410E+00 1.089620E+00 1.080899E+00 1.072267E+00 1.063981E+00
3.197740E-02 3.226405E-02 3.262829E-02 3.309228E-02 3.368493E-02 3.444397E-02 3.541991E-02 3.667917E-02 3.831105E-02 4.043513E-02 4.321105E-02 4.685368E-02 5.164600E-02 5.796024E-02 6.627492E-02 7.718736E-02 9.142772E-02 1.098380E-01 1.333607E-01 1.629909E-01 1.997106E-01 2.444723E-01 2.980423E-01 3.609730E-01 4.333670E-01 5.146042E-01 6.031234E-01 6.960134E-01 7.891353E-01 8.770982E-01 9.547914E-01 1.016815E+00 1.061568E+00 1.088817E+00 1.101803E+00 1.104213E+00 1.100695E+00 1.093610E+00 1.085251E+00 1.076528E+00 1.067998E+00
2.850444E-02 2.876070E-02 2.908638E-02 2.950136E-02 3.003127E-02 3.071026E-02 3.158308E-02 3.270949E-02 3.416962E-02 3.607019E-02 3.855523E-02 4.181670E-02 4.610970E-02 5.177003E-02 5.922843E-02 6.902941E-02 8.183410E-02 9.841814E-02 1.196585E-01 1.464863E-01 1.798718E-01 2.207510E-01 2.699827E-01 3.282833E-01 3.959910E-01 4.729602E-01 5.581066E-01 6.492637E-01 7.428270E-01 8.341354E-01 9.174930E-01 9.877966E-01 1.041499E+00 1.077118E+00 1.096832E+00 1.104022E+00 1.103042E+00 1.097305E+00 1.089525E+00 1.080816E+00 1.072194E+00
2.540808E-02 2.563708E-02 2.592827E-02 2.629917E-02 2.677292E-02 2.737994E-02 2.816022E-02 2.916757E-02 3.047325E-02 3.217330E-02 3.439661E-02 3.731524E-02 4.115928E-02 4.622954E-02 5.291590E-02 6.171020E-02 7.321241E-02 8.813652E-02 1.072852E-01 1.315387E-01 1.618208E-01 1.990535E-01 2.441626E-01 2.979290E-01 3.609479E-01 4.333705E-01 5.146103E-01 6.031245E-01 6.960053E-01 7.891147E-01 8.770626E-01 9.547379E-01 1.016745E+00 1.061483E+00 1.088723E+00 1.101707E+00 1.104120E+00 1.100608E+00 1.093531E+00 1.085181E+00 1.076466E+00
2.264761E-02 2.285228E-02 2.311246E-02 2.344388E-02 2.386729E-02 2.440972E-02 2.510720E-02 2.600755E-02 2.717475E-02 2.869486E-02 3.068301E-02 3.329411E-02 3.673388E-02 4.127324E-02 4.726373E-02 5.514828E-02 6.547370E-02 7.888730E-02 9.612963E-02 1.180226E-01 1.454333E-01 1.792786E-01 2.204700E-01 2.698787E-01 3.282596E-01 3.959936E-01 4.729668E-01 5.581100E-01 6.492607E-01 7.428161E-01 8.341131E-01 9.174578E-01 9.877474E-01 1.041437E+00 1.077047E+00 1.096756E+00 1.103946E+00 1.102970E+00 1.097239E+00 1.089466E+00 1.080763E+00
2.018675E-02 2.036959E-02 2.060198E-02 2.089811E-02 2.127633E-02 2.176098E-02 2.238417E-02 2.318863E-02 2.423180E-02 2.559038E-02 2.736776E-02 2.970256E-02 3.277916E-02 3.684161E-02 4.220501E-02 4.927006E-02 5.853088E-02 7.057539E-02 8.608630E-02 1.058175E-01 1.305923E-01 1.612861E-01 1.987990E-01 2.440675E-01 2.979065E-01 3.609497E-01 4.333768E-01 5.146143E-01 6.031250E-01 6.960000E-01 7.891017E-01 8.770402E-01 9.547041E-01 1.016700E+00 1.061430E+00 1.088664E+00 1.101646E+00 1.104061E+00 1.100553E+00 1.093481E+00 1.085136E+00
1.799306E-02 1.815633E-02 1.836390E-02 1.862835E-02 1.896616E-02 1.939906E-02 1.995567E-02 2.067436E-02 2.160629E-02 2.282016E-02 2.440860E-02 2.649547E-02 2.924653E-02 3.288011E-02 3.767982E-02 4.400690E-02 5.230660E-02 6.311491E-02 7.705167E-02 9.481395E-02 1.171726E-01 1.449519E-01 1.790485E-01 2.203832E-01 2.698574E-01 3.282607E-01 3.959989E-01 4.729712E-01 5.581120E-01 6.492588E-01 7.428092E-01 8.340990E-01 9.174356E-01 9.877164E-01 1.041398E+00 1.077002E+00 1.096708E+00 1.103898E+00 1.102924E+00 1.097197E+00 1.089429E+00
1.603755E-02 1.618334E-02 1.636868E-02 1.660479E-02 1.690646E-02 1.729301E-02 1.779009E-02 1.843193E-02 1.926424E-02 2.034862E-02 2.176766E-02 2.363248E-02 2.609139E-02 2.934006E-02 3.363377E-02 3.929649E-02 4.673095E-02 5.642186E-02 6.893277E-02 8.490762E-02 1.050549E-01 1.301594E-01 1.610784E-01 1.987200E-01 2.440476E-01 2.979069E-01 3.609542E-01 4.333809E-01 5.146167E-01 6.031252E-01 6.959967E-01 7.890935E-01 8.770260E-01 9.546827E-01 1.016672E+00 1.061396E+00 1.088627E+00 1.101608E+00 1.104023E+00 1.100518E+00 1.093450E+00
1.429443E-02 1.442458E-02 1.459003E-02 1.480083E-02 1.507013E-02 1.541523E-02 1.585905E-02 1.643211E-02 1.717536E-02 1.814372E-02 1.941113E-02 2.107705E-02 2.327407E-02 2.617789E-02 3.001702E-02 3.508295E-02 4.173880E-02 5.042160E-02 6.164563E-02 7.599635E-02 9.413030E-02 1.167838E-01 1.447648E-01 1.789768E-01 2.203647E-01 2.698572E-01 3.282644E-01 3.960024E-01 4.729737E-01 5.581131E-01 6.492575E-01 7.428049E-01 8.340901E-01 9.174216E-01 9.876968E-01 1.041374E+00 1.076973E+00 1.096678E+00 1.103868E+00 1.102896E+00 1.097171E+00
1.274067E-02 1.285683E-02 1.300450E-02 1.319266E-02 1.343302E-02 1.374107E-02 1.413723E-02 1.464882E-02 1.531236E-02 1.617692E-02 1.730871E-02 1.879648E-02 2.075905E-02 2.335367E-02 2.678509E-02 3.131560E-02 3.727100E-02 4.504669E-02 5.510818E-02 6.798841E-02 8.429511E-02 1.047060E-01 1.299910E-01 1.610135E-01 1.987028E-01 2.440470E-01 2.979098E-01 3.609572E-01 4.333833E-01 5.146180E-01 6.031253E-01 6.959946E-01 7.890883E-01 8.770170E-01 9.546692E-01 1.016655E+00 1.061375E+00 1.088603E+00 1.101584E+00 1.104000E+00 1.100496E+00
1.135572E-02 1.145937E-02 1.159116E-02 1.175906E-02 1.197358E-02 1.224850E-02 1.260207E-02 1.305869E-02 1.365094E-02 1.442274E-02 1.543313E-02 1.676153E-02 1.851426E-02 2.083188E-02 2.389819E-02 2.794802E-02 3.327452E-02 4.023433E-02 4.924747E-02 6.080092E-02 7.544792E-02 9.381740E-02 1.166324E-01 1.447062E-01 1.789610E-01 2.203638E-01 2.698595E-01 3.282669E-01 3.960045E-01 4.729753E-01 5.581138E-01 6.492567E-01 7.428021E-01 8.340845E-01 9.174128E-01 9.876844E-01 1.041358E+00 1.076955E+00 1.096658E+00 1.103849E+00 1.102878E+00
1.012124E-02 1.021373E-02 1.033132E-02 1.048114E-02 1.067256E-02 1.091787E-02 1.123339E-02 1.164087E-02 1.216943E-02 1.285827E-02 1.376011E-02 1.494603E-02 1.651093E-02 1.858071E-02 2.131986E-02 2.493880E-02 2.970128E-02 3.592748E-02 4.399762E-02 5.435291E-02 6.749762E-02 8.401472E-02 1.045701E-01 1.299381E-01 1.609991E-01 1.987017E-01 2.440488E-01 2.979118E-01 3.609589E-01 4.333847E-01 5.146189E-01 6.031253E-01 6.959933E-01 7.890850E-01 8.770114E-01 9.546607E-01 1.016643E+00 1.061362E+00 1.088589E+00 1.101569E+00 1.103985E+00
Integrated Free-Free emsission g factor
41
 1  -4.0000000e+0  1.1138830e+0  1.3479999e-2  1.0470997e-2 -1.8549721e-3
 2  -3.8000000e+0  1.1169830e+0  1.7445801e-2  9.3580135e-3  5.5649166e-3
 3  -3.6000000e+0  1.1208910e+0  2.1856797e-2  1.2696963e-2  4.9702500e-3
 4  -3.4000000e+0  1.1258100e+0  2.7532012e-2  1.5679113e-2  6.4291396e-3
 5  -3.2000000e+0  1.1319950e+0  3.4575154e-2  1.9536597e-2  7.5631427e-3
 6  -3.0000000e+0  1.1397520e+0  4.3297370e-2  2.4074483e-2  8.8183133e-3
 7  -2.8000000e+0  1.1494450e+0  5.3985361e-2  2.9365471e-2  9.5386779e-3
 8  -2.6000000e+0  1.1614930e+0  6.6876190e-2  3.5088677e-2  9.7768027e-3
 9  -2.4000000e+0  1.1763500e+0  8.2084878e-2  4.0954759e-2  7.7292817e-3
10  -2.2000000e+0  1.1944670e+0  9.9394295e-2  4.5592328e-2  6.3059287e-3
11  -2.0000000e+0  1.2162200e+0  1.1838794e-1  4.9375885e-2 -6.3279233e-3
12  -1.8000000e+0  1.2418220e+0  1.3737894e-1  4.5579131e-2 -9.7440623e-3
13  -1.6000000e+0  1.2710430e+0  1.5444131e-1  3.9732694e-2 -3.0446235e-2
14  -1.4000000e+0  1.3032770e+0  1.6668084e-1  2.1464953e-2 -4.4720616e-2
15  -1.2000000e+0  1.3371140e+0  1.6990034e-1 -5.3674165e-3 -6.0546565e-2
16  -1.0000000e+0  1.3703950e+0  1.6048779e-1 -4.1695356e-2 -6.7467046e-2
17  -8.0000005e-1  1.4002850e+0  1.3571361e-1 -8.2175573e-2 -6.1337113e-2
18  -6.0000007e-1  1.4236500e+0  9.5482932e-2 -1.1897784e-1 -3.8809691e-2
19  -3.9999997e-1  1.4376770e+0  4.3234604e-2 -1.4226366e-1 -4.6718887e-3
20  -2.0000003e-1  1.4405960e+0 -1.4231470e-2 -1.4506680e-1  3.1495998e-2
21   0.0000000e+0  1.4321990e+0 -6.8478677e-2 -1.2616919e-1  5.6562152e-2
22   1.9999995e-1  1.4139090e+0 -1.1215889e-1 -9.2231913e-2  6.4131344e-2
23   3.9999993e-1  1.3883010e+0 -1.4135589e-1 -5.3753110e-2  5.5539839e-2
24   6.0000003e-1  1.3583240e+0 -1.5619236e-1 -2.0429189e-2  3.9203594e-2
25   7.9999997e-1  1.3265820e+0 -1.5965960e-1  3.0929598e-3  2.3400817e-2
26   1.0000000e+0  1.2949610e+0 -1.5561432e-1  1.7133452e-2  1.2189715e-2
27   1.1999999e+0  1.2646210e+0 -1.4729817e-1  2.4447279e-2  5.3425760e-3
28   1.3999999e+0  1.2361820e+0 -1.3687815e-1  2.7652824e-2  1.6914111e-3
29   1.6000000e+0  1.2099260e+0 -1.2561405e-1  2.8667672e-2 -7.3802619e-4
30   1.8000000e+0  1.1859440e+0 -1.1423555e-1  2.8224856e-2 -1.8602057e-3
31   2.0000000e+0  1.1642110e+0 -1.0316883e-1  2.7108732e-2 -2.6985770e-3
32   2.1999999e+0  1.1446400e+0 -9.2649167e-2  2.5489587e-2 -2.9689886e-3
33   2.3999999e+0  1.1271060e+0 -8.2809612e-2  2.3708194e-2 -3.2996874e-3
34   2.6000000e+0  1.1114660e+0 -7.3722292e-2  2.1728380e-2 -3.0851058e-3
35   2.8000000e+0  1.0975660e+0 -6.5401155e-2  1.9877317e-2 -3.2324781e-3
36   3.0000000e+0  1.0852550e+0 -5.7838125e-2  1.7937830e-2 -2.8613650e-3
37   3.1999999e+0  1.0743820e+0 -5.1006358e-2  1.6221012e-2 -2.8212214e-3
38   3.3999999e+0  1.0648070e+0 -4.4856501e-2  1.4528279e-2 -2.2283462e-3
39   3.6000000e+0  1.0563990e+0 -3.9312588e-2  1.3191270e-2 -2.7669188e-3
40   3.8000000e+0  1.0490420e+0 -3.4368112e-2  1.1531120e-2  9.2230568e-4
41   4.0000000e+0  1.0426370e+0 -2.9644986e-2  0.0000000e+0  0.0000000e+0

