%	
%	Mappings IIIr Dielectric Recombination rates
% 	Uses updated date from ASTROSTRUCTURE data
%	from N. R. Badnell : http://amdpp.phys.strath.ac.uk/autos/
%
% DR RATE COEFFICIENT FITS (C)20071027 N. R. BADNELL, 
% DEPARTMENT OF PHYSICS, UNIVERSITY OF STRATHCLYDE, GLASGOW G4 0NG, UK.
%	
%  FORMAT:
%    Element ION ISO# M W(Metastable levels) C[1-7] E[1-7] coefficients for 
%	the rate equation:  
%    alpha_DR(T) = T^(-3/2) SUM_i C_i exp(-E_i/T)
%
%  Note that MgVII (iso=4) and ClXIII (iso=4) will be a few % off (<10%) at
%       high Temps (>10^8 K) due to dropping of C8 and E8
%
%
%
 Dielectric recombination rate data v1.0
463
  2  2  1  1  2  5.966E-04  1.613E-04 -2.223E-05  0.000E+00  0.000E+00  0.000E+00  0.000E+00  4.556E+05  5.552E+05  8.982E+05  0.000E+00  0.000E+00  0.000E+00  0.000E+00
  6  6  1  1  2  1.426E-03  3.046E-02  8.373E-04  0.000E+00  0.000E+00  0.000E+00  0.000E+00  3.116E+06  4.075E+06  5.749E+06  0.000E+00  0.000E+00  0.000E+00  0.000E+00
  7  7  1  1  2  2.801E-03  4.362E-02  1.117E-03  0.000E+00  0.000E+00  0.000E+00  0.000E+00  4.198E+06  5.516E+06  8.050E+06  0.000E+00  0.000E+00  0.000E+00  0.000E+00
  8  8  1  1  2  4.925E-03  5.837E-02  1.359E-03  0.000E+00  0.000E+00  0.000E+00  0.000E+00  5.440E+06  7.170E+06  1.152E+07  0.000E+00  0.000E+00  0.000E+00  0.000E+00
 10 10  1  1  2  1.183E-02  9.011E-02  1.828E-03  0.000E+00  0.000E+00  0.000E+00  0.000E+00  8.405E+06  1.111E+07  1.812E+07  0.000E+00  0.000E+00  0.000E+00  0.000E+00
 11 11  1  1  2  1.676E-02  9.873E-02  9.214E-03  0.000E+00  0.000E+00  0.000E+00  0.000E+00  1.013E+07  1.325E+07  1.721E+07  0.000E+00  0.000E+00  0.000E+00  0.000E+00
 12 12  1  1  2  2.262E-02  1.216E-01  2.531E-03  0.000E+00  0.000E+00  0.000E+00  0.000E+00  1.201E+07  1.588E+07  2.473E+07  0.000E+00  0.000E+00  0.000E+00  0.000E+00
 13 13  1  1  2  3.004E-02  1.306E-01  7.786E-03  0.000E+00  0.000E+00  0.000E+00  0.000E+00  1.406E+07  1.850E+07  2.431E+07  0.000E+00  0.000E+00  0.000E+00  0.000E+00
 14 14  1  1  2  3.846E-02  1.491E-01  2.779E-03  0.000E+00  0.000E+00  0.000E+00  0.000E+00  1.627E+07  2.154E+07  3.827E+07  0.000E+00  0.000E+00  0.000E+00  0.000E+00
 16 16  1  1  2  6.659E-02  1.762E-01 -6.522E-03  0.000E+00  0.000E+00  0.000E+00  0.000E+00  2.122E+07  2.897E+07  5.786E+07  0.000E+00  0.000E+00  0.000E+00  0.000E+00
 17 17  1  1  2  7.078E-02  1.881E-01  2.828E-03  0.000E+00  0.000E+00  0.000E+00  0.000E+00  2.386E+07  3.162E+07  6.619E+07  0.000E+00  0.000E+00  0.000E+00  0.000E+00
 18 18  1  1  2  9.249E-02  2.011E-01 -7.153E-03  0.000E+00  0.000E+00  0.000E+00  0.000E+00  2.677E+07  3.653E+07  4.729E+07  0.000E+00  0.000E+00  0.000E+00  0.000E+00
 20 20  1  1  2  1.210E-01  2.224E-01 -6.832E-03  0.000E+00  0.000E+00  0.000E+00  0.000E+00  3.296E+07  4.485E+07  6.312E+07  0.000E+00  0.000E+00  0.000E+00  0.000E+00
 26 26  1  1  2  1.984E-01  2.676E-01 -2.293E-03  0.000E+00  0.000E+00  0.000E+00  0.000E+00  5.552E+07  7.475E+07  1.236E+08  0.000E+00  0.000E+00  0.000E+00  0.000E+00
 28 28  1  1  2  2.240E-01  2.794E-01 -1.172E-02  0.000E+00  0.000E+00  0.000E+00  0.000E+00  6.452E+07  8.855E+07  1.508E+08  0.000E+00  0.000E+00  0.000E+00  0.000E+00
  6  5  2  1  1  2.646E-03  1.762E-02 -7.843E-04  0.000E+00  0.000E+00  0.000E+00  0.000E+00  2.804E+06  3.485E+06  4.324E+06  0.000E+00  0.000E+00  0.000E+00  0.000E+00
  7  6  2  1  1  5.761E-03  3.434E-02 -1.660E-03  0.000E+00  0.000E+00  0.000E+00  0.000E+00  3.860E+06  4.883E+06  6.259E+06  0.000E+00  0.000E+00  0.000E+00  0.000E+00
  8  7  2  1  1  6.135E-02  1.968E-04  0.000E+00  0.000E+00  0.000E+00  0.000E+00  0.000E+00  6.113E+06  3.656E+07  0.000E+00  0.000E+00  0.000E+00  0.000E+00  0.000E+00
 10  9  2  1  1  1.552E-02  9.008E-02  1.182E-02  0.000E+00  0.000E+00  0.000E+00  0.000E+00  7.845E+06  9.803E+06  1.209E+07  0.000E+00  0.000E+00  0.000E+00  0.000E+00
 11 10  2  1  1  2.228E-02  1.133E-01  1.296E-02  0.000E+00  0.000E+00  0.000E+00  0.000E+00  9.521E+06  1.195E+07  1.502E+07  0.000E+00  0.000E+00  0.000E+00  0.000E+00
 12 11  2  1  1  3.067E-02  1.375E-01  1.347E-02  0.000E+00  0.000E+00  0.000E+00  0.000E+00  1.136E+07  1.431E+07  1.762E+07  0.000E+00  0.000E+00  0.000E+00  0.000E+00
 13 12  2  1  1  4.093E-02  1.618E-01  1.332E-02  0.000E+00  0.000E+00  0.000E+00  0.000E+00  1.336E+07  1.689E+07  2.091E+07  0.000E+00  0.000E+00  0.000E+00  0.000E+00
 14 13  2  1  1  5.318E-02  1.874E-01  1.227E-02  7.173E-04  0.000E+00  0.000E+00  0.000E+00  1.552E+07  1.969E+07  2.532E+07  2.696E+08  0.000E+00  0.000E+00  0.000E+00
 16 15  2  1  1  8.410E-02  2.381E-01  1.065E-02  1.049E-03  0.000E+00  0.000E+00  0.000E+00  2.032E+07  2.592E+07  3.206E+07  2.016E+08  0.000E+00  0.000E+00  0.000E+00
 17 16  2  1  1  1.172E-01  6.677E-01 -4.111E-01  0.000E+00  0.000E+00  0.000E+00  0.000E+00  2.302E+07  3.470E+07  3.817E+07  0.000E+00  0.000E+00  0.000E+00  0.000E+00
 18 17  2  1  1  1.220E-01  2.795E-01  1.569E-02  0.000E+00  0.000E+00  0.000E+00  0.000E+00  2.576E+07  3.288E+07  4.360E+07  0.000E+00  0.000E+00  0.000E+00  0.000E+00
 20 19  2  1  1  1.659E-01  3.186E-01  1.801E-02  0.000E+00  0.000E+00  0.000E+00  0.000E+00  3.186E+07  4.085E+07  5.068E+07  0.000E+00  0.000E+00  0.000E+00  0.000E+00
 26 25  2  1  1  2.676E-01  4.097E-01  2.990E-02  0.000E+00  0.000E+00  0.000E+00  0.000E+00  5.394E+07  6.854E+07  9.651E+07  0.000E+00  0.000E+00  0.000E+00  0.000E+00
 28 27  2  1  1  2.934E-01  4.324E-01  2.800E-02  0.000E+00  0.000E+00  0.000E+00  0.000E+00  6.268E+07  7.990E+07  1.212E+08  0.000E+00  0.000E+00  0.000E+00  0.000E+00
  6  4  3  1  2  4.673E-07  1.887E-05  1.305E-05  3.099E-03  3.001E-04  2.553E-03  0.000E+00  7.233E+02  2.847E+03  1.054E+04  8.915E+04  2.812E+05  3.254E+06  0.000E+00
  6  4  3  2  2  1.900E-04  9.928E-06  1.424E-04  6.724E-04  2.759E-03  0.000E+00  0.000E+00  9.897E+01  5.221E+02  2.159E+05  3.537E+05  3.146E+06  0.000E+00  0.000E+00
  6  4  3  3  4  2.743E-06  1.063E-04  7.767E-04  2.727E-03  0.000E+00  0.000E+00  0.000E+00  1.246E+05  1.834E+05  3.662E+05  3.221E+06  0.000E+00  0.000E+00  0.000E+00
  7  5  3  1  2  2.040E-06  6.986E-05  3.168E-04  4.353E-03  7.765E-04  5.101E-03  0.000E+00  3.084E+03  1.332E+04  6.475E+04  1.181E+05  6.687E+05  4.778E+06  0.000E+00
  7  5  3  2  2  2.437E-04  1.637E-05  4.481E-04  1.825E-03  4.354E-03  0.000E+00  0.000E+00  2.516E+02  9.021E+02  3.015E+05  5.405E+05  4.628E+06  0.000E+00  0.000E+00
  7  5  3  3  4  8.144E-05  1.598E-03  7.788E-04  4.112E-03  0.000E+00  0.000E+00  0.000E+00  2.137E+05  4.267E+05  8.399E+05  4.811E+06  0.000E+00  0.000E+00  0.000E+00
  8  6  3  1  2  2.389E-05  1.355E-04  5.885E-03  2.163E-03  6.341E-04  1.348E-02  0.000E+00  2.326E+04  3.209E+04  1.316E+05  6.731E+05  1.892E+06  6.150E+06  0.000E+00
  8  6  3  2  2  2.884E-04  7.159E-05  1.386E-03  4.380E-03  1.449E-02  0.000E+00  0.000E+00  4.040E+02  1.479E+03  4.573E+05  7.576E+05  5.859E+06  0.000E+00  0.000E+00
  8  6  3  3  4  2.457E-04  4.509E-03  1.892E-03  1.371E-02  0.000E+00  0.000E+00  0.000E+00  2.970E+05  6.276E+05  1.438E+06  6.249E+06  0.000E+00  0.000E+00  0.000E+00
 10  8  3  1  2  2.399E-04  3.532E-04  8.928E-03  5.427E-03  5.342E-03  3.981E-02  0.000E+00  2.536E+04  4.800E+04  1.770E+05  1.030E+06  1.859E+06  9.743E+06  0.000E+00
 10  8  3  2  2  2.854E-04  2.340E-04 -2.165E-05  7.767E-03  1.416E-02  4.155E-02  0.000E+00  9.469E+02  3.354E+03  9.567E+03  8.126E+05  1.469E+06  9.561E+06  0.000E+00
 10  8  3  3  4  1.111E-03  1.741E-02  7.518E-03  3.778E-02  0.000E+00  0.000E+00  0.000E+00  4.900E+05  1.131E+06  3.255E+06  1.063E+07  0.000E+00  0.000E+00  0.000E+00
 11  9  3  1  2  1.600E-04  2.992E-04  2.233E-03  9.405E-03  1.642E-02  6.149E-02  2.643E-04  1.032E+03  5.538E+03  1.026E+05  2.285E+05  1.710E+06  1.160E+07  1.337E+08
 11  9  3  2  2  2.767E-04  3.034E-04 -2.423E-05  4.975E-03  2.933E-02  6.084E-02  0.000E+00  1.557E+03  4.745E+03  1.904E+04  7.795E+05  1.612E+06  1.153E+07  0.000E+00
 11  9  3  3  4  1.963E-03  2.744E-02  1.302E-02  5.155E-02  0.000E+00  0.000E+00  0.000E+00  5.993E+05  1.429E+06  4.515E+06  1.331E+07  0.000E+00  0.000E+00  0.000E+00
 12 10  3  1  2  2.582E-04  5.033E-04  4.561E-03  8.754E-03  2.734E-02  7.509E-02  1.385E-02  2.861E+04  4.087E+04  1.528E+05  2.677E+05  2.055E+06  1.298E+07  1.852E+07
 12 10  3  2  2  2.066E-04  4.587E-04 -2.965E-05  1.363E-02  4.452E-02  8.234E-02  0.000E+00  1.656E+03  6.302E+03  2.421E+04  1.106E+06  2.127E+06  1.396E+07  0.000E+00
 12 10  3  3  4  3.182E-03  4.547E-02  2.114E-02  6.706E-02  0.000E+00  0.000E+00  0.000E+00  7.172E+05  1.774E+06  5.756E+06  1.646E+07  0.000E+00  0.000E+00  0.000E+00
 13 11  3  1  2  4.380E-04  6.900E-04  6.947E-03  9.037E-03  3.925E-02  1.153E-01  0.000E+00  5.767E+03  2.207E+04  1.639E+05  3.336E+05  2.519E+06  1.617E+07  0.000E+00
 13 11  3  2  2  1.874E-04  5.648E-04 -3.269E-05  2.155E-02  5.963E-02  1.056E-01  0.000E+00  2.178E+03  8.546E+03  2.938E+04  1.343E+06  2.617E+06  1.646E+07  0.000E+00
 13 11  3  3  4  4.818E-03  6.188E-02  3.105E-02  8.223E-02  0.000E+00  0.000E+00  0.000E+00  8.435E+05  2.131E+06  7.338E+06  1.986E+07  0.000E+00  0.000E+00  0.000E+00
 14 12  3  1  2  1.205E-03  1.309E-02  5.333E-03  2.858E-02  3.195E-02  1.433E-01  0.000E+00  4.824E+04  2.137E+05  5.492E+05  2.460E+06  3.647E+06  1.889E+07  0.000E+00
 14 12  3  2  2  2.049E-04  6.068E-04 -2.861E-05  1.711E-02  1.034E-01  1.348E-01  0.000E+00  4.260E+03  1.202E+04  3.626E+04  1.331E+06  2.873E+06  1.897E+07  0.000E+00
 14 12  3  3  4  6.923E-03  9.121E-02  4.012E-02  1.059E-01  0.000E+00  0.000E+00  0.000E+00  9.785E+05  2.542E+06  7.831E+06  2.313E+07  0.000E+00  0.000E+00  0.000E+00
 16 14  3  1  2  1.173E-03  1.718E-03  1.657E-02  7.474E-03  9.698E-02  1.399E-01  7.029E-02  1.366E+04  6.371E+04  2.540E+05  6.493E+05  3.868E+06  2.186E+07  2.983E+07
 16 14  3  2  2  1.608E-04  8.444E-04 -1.671E-05  1.693E-02  1.864E-01  1.938E-01  0.000E+00  5.118E+03  1.913E+04  5.055E+04  1.393E+06  3.733E+06  2.470E+07  0.000E+00
 16 14  3  3  4  1.296E-02  1.483E-01  7.878E-02  1.292E-01  0.000E+00  0.000E+00  0.000E+00  1.277E+06  3.437E+06  1.301E+07  3.211E+07  0.000E+00  0.000E+00  0.000E+00
 17 15  3  1  2  5.299E-04  1.410E-03  4.341E-03  2.068E-02  4.274E-02  9.527E-02  2.357E-01  3.526E+04  5.954E+04  1.461E+05  3.479E+05  2.996E+06  5.413E+06  2.816E+07
 17 15  3  2  2  1.590E-04  9.629E-04  3.742E-05  1.950E-02  2.346E-01  2.293E-01  0.000E+00  4.341E+03  2.281E+04  7.360E+04  1.502E+06  4.184E+06  2.761E+07  0.000E+00
 17 15  3  3  4  1.693E-02  1.919E-01  8.723E-02  1.597E-01  0.000E+00  0.000E+00  0.000E+00  1.438E+06  3.946E+06  1.320E+07  3.611E+07  0.000E+00  0.000E+00  0.000E+00
 18 16  3  1  2  9.046E-04  3.613E-03  1.984E-02  9.058E-03  1.497E-01  2.812E-01  0.000E+00  1.409E+04  6.954E+04  2.936E+05  6.472E+05  4.759E+06  2.984E+07  0.000E+00
 18 16  3  2  2  1.834E-04  1.046E-03  4.170E-06  1.330E-02  2.781E-01  2.723E-01  0.000E+00  9.056E+03  3.028E+04  1.838E+04  1.291E+06  4.452E+06  2.927E+07  0.000E+00
 18 16  3  3  4  2.169E-02  2.289E-01  1.228E-01  1.569E-01  0.000E+00  0.000E+00  0.000E+00  1.610E+06  4.457E+06  1.791E+07  4.044E+07  0.000E+00  0.000E+00  0.000E+00
 20 18  3  1  2  2.311E-03  2.019E-03  1.789E-02  2.139E-02  2.090E-01  3.375E-01  1.415E-02  1.806E+04  4.286E+04  2.292E+05  6.275E+05  5.896E+06  3.559E+07  9.425E+07
 20 18  3  2  2  2.335E-04  1.277E-03  1.886E-04  4.024E-02  3.853E-01  3.319E-01  0.000E+00  4.765E+03  4.064E+04  1.070E+05  2.102E+06  5.962E+06  3.810E+07  0.000E+00
 20 18  3  3  4  3.348E-02  3.080E-01  1.416E-01  2.145E-01  0.000E+00  0.000E+00  0.000E+00  1.975E+06  5.559E+06  1.937E+07  5.037E+07  0.000E+00  0.000E+00  0.000E+00
 26 24  3  1  2  7.882E-03  1.636E-02  4.868E-02  4.230E-02  4.151E-01  5.339E-01  4.544E-03  5.977E+04  2.074E+05  6.170E+05  3.789E+06  1.086E+07  6.363E+07  1.599E+08
 26 24  3  2  2  4.453E-04  1.859E-03  1.655E-03  1.144E-01  7.356E-01  5.490E-01  0.000E+00  1.280E+04  8.477E+04  2.284E+05  3.597E+06  1.035E+07  6.366E+07  0.000E+00
 26 24  3  3  4  9.272E-02  6.116E-01  3.053E-01  2.573E-01  0.000E+00  0.000E+00  0.000E+00  3.291E+06  9.650E+06  4.045E+07  9.188E+07  0.000E+00  0.000E+00  0.000E+00
 28 26  3  1  2  5.138E-03  1.029E-02  4.025E-02  4.055E-02  2.531E-01  3.105E-01  5.583E-01  3.365E+04  8.242E+04  3.905E+05  9.752E+05  8.317E+06  1.700E+07  7.728E+07
 28 26  3  2  2  5.762E-04  2.263E-03  1.995E-03  1.679E-01  8.291E-01  6.011E-01  0.000E+00  5.172E+04  1.347E+05  3.076E+05  4.354E+06  1.229E+07  7.423E+07  0.000E+00
 28 26  3  3  4  1.214E-01  7.052E-01  3.213E-01  2.928E-01  0.000E+00  0.000E+00  0.000E+00  3.801E+06  1.124E+07  4.469E+07  1.080E+08  0.000E+00  0.000E+00  0.000E+00
  6  3  4  1  1  3.489E-06  2.222E-07  1.954E-05  4.212E-03  2.037E-04  2.936E-04  0.000E+00  2.660E+03  3.756E+03  2.566E+04  1.400E+05  1.801E+06  4.307E+06  0.000E+00
  6  3  4  2  1  4.882E-07  2.971E-07  7.997E-06  2.476E-04  4.080E-05  5.981E-04  0.000E+00  2.005E+03  8.988E+03  2.463E+04  6.719E+04  2.983E+05  3.196E+06  0.000E+00
  6  3  4  3  3  3.077E-07  1.456E-07  4.930E-06  2.465E-04  4.490E-05  6.002E-04  0.000E+00  1.952E+03  5.706E+03  1.885E+04  6.552E+04  2.573E+05  3.183E+06  0.000E+00
  6  3  4  4  5  1.546E-07  3.026E-07  5.440E-06  2.470E-04  4.536E-05  5.988E-04  0.000E+00  1.891E+03  6.265E+03  2.027E+04  6.561E+04  2.680E+05  3.186E+06  0.000E+00
  7  4  4  1  1  3.386E-06  3.036E-05  5.945E-05  1.195E-03  6.462E-03  1.358E-03  0.000E+00  1.406E+03  6.965E+03  2.604E+04  1.304E+05  1.965E+05  4.466E+06  0.000E+00
  7  4  4  2  1  9.925E-07  1.553E-06  7.040E-06  3.014E-04  3.302E-04  1.800E-03  0.000E+00  7.672E+02  3.266E+03  1.166E+04  8.076E+04  3.413E+05  4.428E+06  0.000E+00
  7  4  4  3  3  9.927E-07  1.561E-06  7.092E-06  3.017E-04  3.345E-04  1.799E-03  0.000E+00  6.770E+02  3.189E+03  1.152E+04  8.053E+04  3.397E+05  4.418E+06  0.000E+00
  7  4  4  4  5  9.952E-07  1.591E-06  7.283E-06  3.033E-04  3.325E-04  1.803E-03  0.000E+00  4.698E+02  2.988E+03  1.135E+04  8.037E+04  3.342E+05  4.411E+06  0.000E+00
  8  5  4  1  1  1.615E-05  9.299E-06  1.530E-04  6.616E-04  1.080E-02  7.503E-04  2.892E-03  7.569E+02  3.659E+03  1.984E+04  8.429E+04  2.294E+05  1.161E+06  6.137E+06
  8  5  4  2  1  8.857E-08  9.793E-06  1.364E-05  1.900E-04  3.506E-04  1.335E-03  3.990E-03  3.345E+02  5.785E+03  1.303E+04  6.493E+04  1.657E+05  5.939E+05  5.902E+06
  8  5  4  3  3  8.928E-08  9.914E-06  1.402E-05  1.855E-04  3.606E-04  1.339E-03  3.994E-03  1.390E+02  5.572E+03  1.257E+04  6.270E+04  1.630E+05  5.900E+05  5.889E+06
  8  5  4  4  5  7.100E-06  4.531E-06  1.420E-05  1.918E-04  3.933E-04  1.311E-03  3.967E-03  4.939E+03  6.776E+03  1.427E+04  6.376E+04  1.717E+05  6.128E+05  5.932E+06
 10  7  4  1  1  8.460E-05  1.817E-04  1.176E-03  1.397E-02  5.566E-03  6.229E-03  1.031E-02  1.049E+03  3.829E+03  6.133E+04  2.568E+05  4.600E+05  1.324E+06  9.353E+06
 10  7  4  2  1  7.481E-06  6.700E-06  1.054E-04  5.600E-04  9.619E-04  8.761E-03  1.440E-02  4.475E+02  2.912E+03  2.614E+04  1.210E+05  4.956E+05  1.080E+06  9.380E+06
 10  7  4  3  3  2.552E-06  5.421E-06  1.202E-04  5.830E-04  4.717E-04  9.197E-03  1.440E-02  6.455E+02  4.289E+03  2.514E+04  1.196E+05  3.807E+05  1.039E+06  9.325E+06
 10  7  4  4  5  1.882E-06  6.126E-06  1.320E-04  6.124E-04  1.745E-03  7.841E-03  1.396E-02  5.215E+02  6.132E+03  2.539E+04  1.220E+05  5.994E+05  1.137E+06  9.428E+06
 11  8  4  1  1  1.741E-05  7.735E-04  1.890E-03  2.254E-02  1.336E-02  1.660E-02  2.665E-04  3.910E+03  2.127E+04  6.185E+04  3.287E+05  1.573E+06  1.130E+07  2.903E+08
 11  8  4  2  1  7.263E-06  2.076E-05  1.040E-04  7.913E-04  3.974E-03  1.714E-02  2.217E-02  7.076E+02  6.059E+03  3.106E+04  1.453E+05  8.353E+05  1.475E+06  1.155E+07
 11  8  4  3  3  3.983E-06  2.151E-05  1.175E-04  8.545E-04  1.775E-03  1.920E-02  2.218E-02  7.467E+02  6.055E+03  3.197E+04  1.431E+05  6.747E+05  1.390E+06  1.143E+07
 11  8  4  4  5  4.315E-06  2.499E-05  1.253E-04  8.547E-04  6.883E-03  1.363E-02  2.121E-02  6.810E+02  6.836E+03  3.220E+04  1.412E+05  9.440E+05  1.571E+06  1.161E+07
 12  9  4  1  1  3.565E-05  2.017E-05  1.165E-03  5.016E-03  2.434E-02  2.508E-02  2.475E-02  1.759E+03  1.237E+04  5.651E+04  1.680E+05  4.007E+05  1.991E+06  1.330E+07
 12  9  4  2  1  1.454E-05  1.118E-05  2.844E-04  1.024E-03  1.219E-02  2.894E-02  3.332E-02  8.775E+02  5.235E+03  4.554E+04  1.825E+05  1.205E+06  1.945E+06  1.382E+07
 12  9  4  3  3  5.550E-06  7.880E-06  3.466E-04  1.105E-03  2.406E-03  3.809E-02  3.298E-02  1.375E+03  7.934E+03  4.445E+04  1.793E+05  7.946E+05  1.733E+06  1.361E+07
 12  9  4  4  5  1.585E-06  7.413E-05  3.340E-04  1.090E-03  4.480E-03  3.398E-02  3.163E-02  1.676E+04  2.572E+04  5.242E+04  1.812E+05  9.632E+05  1.777E+06  1.364E+07
 13 10  4  1  1  1.049E-05  5.683E-04  2.734E-03  6.968E-03  2.668E-02  3.801E-02  3.651E-02  1.304E+04  2.411E+04  6.993E+04  2.091E+05  4.545E+05  2.349E+06  1.598E+07
 13 10  4  2  1  1.877E-04  3.176E-04  6.586E-04  1.009E-03  6.925E-03  5.253E-02  4.535E-02  2.461E+03  7.295E+03  1.009E+05  3.065E+05  1.184E+06  2.147E+06  1.607E+07
 13 10  4  3  3  1.729E-04  2.130E-04  6.323E-04  1.155E-03  9.291E-03  5.070E-02  4.526E-02  2.222E+03  7.096E+03  8.965E+04  2.664E+05  1.261E+06  2.189E+06  1.615E+07
 13 10  4  4  5  1.212E-04  5.410E-05  4.766E-04  1.252E-03  2.683E-02  2.995E-02  4.183E-02  2.124E+03  5.835E+03  6.677E+04  2.191E+05  1.552E+06  2.578E+06  1.653E+07
 14 11  4  1  1  2.214E-04  1.260E-03  3.832E-03  1.158E-02  2.871E-02  5.456E-02  5.035E-02  3.586E+03  1.324E+04  5.636E+04  2.498E+05  5.363E+05  2.809E+06  1.854E+07
 14 11  4  2  1  4.218E-05  9.727E-05  5.081E-04  1.535E-03  1.777E-02  7.669E-02  6.041E-02  6.902E+02  1.044E+04  6.328E+04  2.555E+05  1.522E+06  2.705E+06  1.891E+07
 14 11  4  3  3  1.517E-05  1.088E-04  6.262E-04  1.615E-03  1.398E-02  7.959E-02  6.036E-02  1.894E+03  1.374E+04  6.862E+04  2.507E+05  1.434E+06  2.636E+06  1.876E+07
 14 11  4  4  5  2.587E-05  1.949E-04  6.649E-04  1.555E-03  2.641E-02  5.675E-02  5.503E-02  1.235E+03  1.364E+04  7.351E+04  2.551E+05  1.673E+06  2.828E+06  1.901E+07
 16 13  4  1  1  2.610E-04  9.442E-04  8.190E-03  4.271E-02  1.997E-02  9.590E-02  8.444E-02  5.114E+03  1.750E+04  1.061E+05  4.691E+05  1.821E+06  4.033E+06  2.476E+07
 16 13  4  2  1  5.727E-04  1.118E-03  1.609E-03  2.146E-03  9.742E-02  8.536E-02  9.458E-02  3.395E+03  1.175E+04  1.515E+05  5.560E+05  2.614E+06  4.516E+06  2.594E+07
 16 13  4  3  3  3.395E-04  1.013E-03  1.502E-03  2.175E-03  2.150E-02  1.625E-01  9.891E-02  4.222E+03  1.545E+04  1.265E+05  3.984E+05  1.799E+06  3.533E+06  2.421E+07
 16 13  4  4  5  2.584E-05  9.171E-05  1.628E-03  2.389E-03  7.873E-02  8.670E-02  8.478E-02  2.254E+04  4.011E+04  1.099E+05  3.743E+05  2.452E+06  4.354E+06  2.519E+07
 17 14  4  1  1  4.394E-04  2.394E-03  8.569E-03  3.538E-02  2.438E-02  1.353E-01  9.538E-02  4.784E+03  3.359E+04  9.827E+04  4.235E+05  9.749E+05  4.254E+06  2.511E+07
 17 14  4  2  1  1.693E-04  2.397E-04  1.466E-03  2.909E-03  4.722E-02  1.964E-01  1.229E-01  4.804E+03  1.850E+04  1.084E+05  4.488E+05  2.323E+06  4.231E+06  2.800E+07
 17 14  4  3  3  5.432E-05  2.340E-04  1.819E-03  3.112E-03  6.765E-02  1.851E-01  1.195E-01  6.204E+03  2.398E+04  1.074E+05  4.323E+05  2.534E+06  4.433E+06  2.774E+07
 17 14  4  4  5  4.301E-05  6.296E-04  1.894E-03  3.102E-03  7.109E-02  1.432E-01  1.068E-01  2.235E+03  3.377E+04  1.119E+05  4.245E+05  2.569E+06  4.480E+06  2.774E+07
 18 15  4  1  1  7.348E-04  5.115E-03  9.444E-03  5.143E-02  3.006E-02  1.566E-01  1.309E-01  5.053E+03  2.167E+04  1.280E+05  5.220E+05  2.161E+06  5.084E+06  3.089E+07
 18 15  4  2  1  2.388E-04  9.608E-04  1.750E-03  3.586E-03  5.552E-02  2.497E-01  1.495E-01  3.727E+03  1.926E+04  1.110E+05  5.116E+05  2.544E+06  4.739E+06  3.136E+07
 18 15  4  3  3  2.761E-04  1.083E-03  2.155E-03  3.940E-03  7.956E-02  2.422E-01  1.411E-01  3.187E+03  2.039E+04  1.164E+05  5.009E+05  2.795E+06  5.005E+06  3.147E+07
 18 15  4  4  5  2.442E-06  7.525E-04  2.415E-03  3.713E-03  2.341E-02  2.470E-01  1.345E-01  1.078E+04  4.002E+04  1.429E+05  5.212E+05  2.031E+06  4.410E+06  2.985E+07
 20 17  4  1  1  2.892E-03  7.663E-03  2.689E-02  5.718E-02  2.681E-01  1.709E-01  2.262E-02  1.990E+04  8.624E+04  3.180E+05  8.480E+05  5.735E+06  3.300E+07  7.268E+07
 20 17  4  2  1  2.749E-03  1.676E-03  3.073E-03  5.800E-03  1.053E-01  3.709E-01  2.018E-01  9.301E+03  2.367E+04  1.938E+05  7.773E+05  3.332E+06  6.113E+06  3.959E+07
 20 17  4  3  3  5.577E-04  2.650E-03  3.826E-03  6.303E-03  9.235E-02  3.980E-01  1.926E-01  9.632E+03  2.744E+04  1.830E+05  7.540E+05  3.244E+06  6.107E+06  3.825E+07
 20 17  4  4  5  6.418E-05  1.684E-03  3.868E-03  6.008E-03  1.265E-01  2.928E-01  1.749E-01  3.609E+04  8.731E+04  2.070E+05  7.841E+05  3.518E+06  6.396E+06  3.980E+07
 26 23  4  1  1  2.325E-03  1.017E-02  3.572E-02  9.882E-02  1.156E-01  5.792E-01  3.344E-01  1.376E+04  8.251E+04  2.794E+05  9.378E+05  4.688E+06  1.106E+07  6.543E+07
 26 23  4  2  1  4.954E-03  8.183E-03  9.028E-03  2.566E-02  3.470E-01  7.455E-01  3.559E-01  1.921E+04  4.598E+04  3.025E+05  1.706E+06  6.132E+06  1.128E+07  6.815E+07
 26 23  4  3  3  8.945E-04  8.579E-03  1.107E-02  2.456E-02  2.178E-01  8.464E-01  3.623E-01  7.518E+03  5.605E+04  3.042E+05  1.654E+06  5.488E+06  1.043E+07  6.384E+07
 26 23  4  4  5  4.394E-04  4.724E-03  1.262E-02  2.534E-02  3.632E-01  5.889E-01  3.290E-01  1.775E+04  7.753E+04  2.924E+05  1.696E+06  6.246E+06  1.142E+07  6.533E+07
 28 25  4  1  1  2.440E-03  2.224E-02  4.605E-02  1.136E-01  3.381E-01  5.177E-01  3.585E-01  3.553E+04  9.508E+04  3.809E+05  1.134E+06  7.503E+06  1.526E+07  7.788E+07
 28 25  4  2  1  1.978E-03  6.455E-03  1.469E-02  3.887E-02  6.506E-01  6.775E-01  3.798E-01  1.890E+04  7.236E+04  3.280E+05  2.142E+06  7.903E+06  1.521E+07  8.105E+07
 28 25  4  3  3  6.786E-04  5.612E-03  1.471E-02  3.712E-02  5.704E-01  7.306E-01  3.809E-01  4.325E+04  1.233E+05  3.708E+05  2.105E+06  7.700E+06  1.438E+07  7.979E+07
 28 25  4  4  5  2.590E-03  6.069E-03  1.576E-02  3.829E-02  3.179E-01  8.176E-01  3.794E-01  3.123E+04  7.764E+04  3.507E+05  2.163E+06  6.621E+06  1.242E+07  7.644E+07
  6  2  5  1  2  6.346E-09  9.793E-09  1.634E-06  8.369E-04  3.355E-04  0.000E+00  0.000E+00  1.217E+01  7.380E+01  1.523E+04  1.207E+05  2.144E+05  0.000E+00  0.000E+00
  6  2  5  2  4  7.916E-07  1.333E-06  7.822E-04  3.289E-04 -3.906E-05  0.000E+00  0.000E+00  1.231E+04  2.456E+04  1.242E+05  2.390E+05  5.115E+05  0.000E+00  0.000E+00
  6  2  5  3  2  8.286E-10  4.132E-10  3.052E-05  1.211E-04  1.430E-05  0.000E+00  0.000E+00  1.340E+01  6.517E+01  3.891E+04  7.906E+04  1.949E+05  0.000E+00  0.000E+00
  6  2  5  4  4  1.917E-10  5.289E-11  2.748E-05  1.336E-04  1.622E-05  0.000E+00  0.000E+00  1.524E+01  5.857E+01  3.853E+04  8.038E+04  1.756E+05  0.000E+00  0.000E+00
  6  2  5  5  6  1.573E-09  2.055E-05  1.475E-04  1.574E-05  0.000E+00  0.000E+00  0.000E+00  7.952E+03  3.763E+04  8.287E+04  1.834E+05  0.000E+00  0.000E+00  0.000E+00
  7  3  5  1  2  7.712E-08  4.839E-08  2.218E-06  1.536E-03  3.647E-03  4.234E-05  0.000E+00  7.113E+01  2.765E+02  1.439E+04  1.347E+05  2.496E+05  2.204E+06  0.000E+00
  7  3  5  2  4  4.197E-07  2.658E-06  4.303E-05  3.284E-03  1.353E-03  0.000E+00  0.000E+00  9.802E+03  1.972E+04  7.107E+04  1.812E+05  3.253E+05  0.000E+00  0.000E+00
  7  3  5  3  2  1.826E-08  3.270E-09  1.493E-06  7.142E-05  1.958E-04  9.895E-05  0.000E+00  4.523E+01  2.277E+02  5.738E+03  5.053E+04  1.050E+05  3.218E+05  0.000E+00
  7  3  5  4  4  7.950E-09  1.093E-06  2.643E-06  1.713E-04  1.711E-04  0.000E+00  0.000E+00  5.452E+01  5.039E+03  1.575E+04  6.996E+04  2.291E+05  0.000E+00  0.000E+00
  7  3  5  5  6  1.149E-06  2.562E-06  1.641E-04  1.633E-04  1.031E-05  0.000E+00  0.000E+00  5.067E+03  1.612E+04  7.169E+04  2.060E+05  7.978E+05  0.000E+00  0.000E+00
  8  4  5  1  2  3.932E-07  2.523E-07  3.447E-05  5.776E-03  5.101E-03  0.000E+00  0.000E+00  1.509E+02  6.211E+02  1.562E+04  1.936E+05  4.700E+05  0.000E+00  0.000E+00
  8  4  5  2  4  3.908E-07  1.441E-05  2.363E-05  3.144E-04  6.601E-03  2.751E-03  0.000E+00  9.496E+03  1.305E+04  1.916E+04  1.014E+05  2.370E+05  5.524E+05  0.000E+00
  8  4  5  3  2  1.108E-06  1.316E-07  8.162E-06  2.425E-04  2.658E-04  5.535E-04  0.000E+00  1.942E+02  5.240E+02  2.195E+04  8.022E+04  2.488E+05  5.344E+05  0.000E+00
  8  4  5  4  4  1.128E-06  1.762E-08  7.804E-06  2.186E-04  2.805E-04  5.353E-04  0.000E+00  4.293E+01  5.209E+02  2.132E+04  7.958E+04  2.528E+05  5.409E+05  0.000E+00
  8  4  5  5  6  4.372E-08  8.171E-06  2.012E-04  2.643E-04  5.234E-04  0.000E+00  0.000E+00  7.267E+03  2.165E+04  8.013E+04  2.408E+05  5.317E+05  0.000E+00  0.000E+00
 10  6  5  1  2  5.653E-06  4.344E-05  1.086E-04  5.980E-04  1.457E-02  1.601E-02  5.365E-04  6.280E+02  2.812E+03  1.324E+04  8.064E+04  3.052E+05  1.032E+06  2.388E+06
 10  6  5  2  4  2.339E-05  3.934E-05  1.008E-04  6.622E-04  1.283E-02  1.285E-02  1.751E-03  3.525E+01  3.777E+03  1.381E+04  8.382E+04  3.081E+05  9.847E+05  1.560E+06
 10  6  5  3  2  7.974E-06  2.577E-06  7.050E-05  5.428E-04  9.486E-03  8.164E-04  0.000E+00  2.930E+02  2.056E+03  4.118E+04  1.493E+05  9.003E+05  1.495E+06  0.000E+00
 10  6  5  4  4  1.650E-06  1.874E-06  6.869E-05  5.198E-04  9.640E-03  5.368E-04  0.000E+00  3.498E+02  2.041E+03  4.077E+04  1.504E+05  9.028E+05  1.791E+06  0.000E+00
 10  6  5  5  6  1.402E-06  7.904E-07  1.578E-05  2.722E-04  7.199E-04  9.329E-03  0.000E+00  3.986E+02  2.598E+03  2.164E+04  9.165E+04  3.422E+05  9.633E+05  0.000E+00
 11  7  5  1  2  5.677E-06  4.730E-05  2.410E-04  9.606E-04  1.913E-02  3.086E-02  2.334E-04  1.032E+03  5.764E+03  2.123E+04  8.556E+04  3.532E+05  1.364E+06  7.146E+06
 11  7  5  2  4  3.517E-06  7.410E-05  3.367E-04  1.143E-03  1.740E-02  2.715E-02  0.000E+00  1.195E+03  6.038E+03  2.418E+04  9.980E+04  3.626E+05  1.372E+06  0.000E+00
 11  7  5  3  2  5.913E-06  4.494E-05  1.299E-04  9.255E-04  2.279E-02  3.235E-04  0.000E+00  5.735E+02  5.122E+03  4.129E+04  2.026E+05  1.204E+06  4.656E+06  0.000E+00
 11  7  5  4  4  4.596E-06  4.730E-05  1.289E-04  8.928E-04  2.125E-02  6.723E-04  0.000E+00  1.141E+02  4.584E+03  4.288E+04  2.031E+05  1.189E+06  2.578E+06  0.000E+00
 11  7  5  5  6  1.955E-05  3.749E-05  3.182E-05  4.699E-04  1.836E-03  1.870E-02  0.000E+00  1.942E+03  5.158E+03  2.561E+04  1.160E+05  5.612E+05  1.258E+06  0.000E+00
 12  8  5  1  2  5.451E-05  6.999E-05  3.928E-04  7.483E-04  1.851E-02  1.190E-02  4.764E-02  2.196E+02  4.524E+03  2.491E+04  9.111E+04  3.367E+05  8.316E+05  1.817E+06
 12  8  5  2  4  8.003E-05  2.300E-04  2.643E-04  3.096E-03  2.038E-02  4.706E-02  0.000E+00  1.035E+04  1.593E+04  3.370E+04  1.657E+05  4.319E+05  1.724E+06  0.000E+00
 12  8  5  3  2  7.581E-06  4.310E-06  8.374E-05  6.865E-04  3.577E-03  3.900E-02  0.000E+00  5.156E+02  3.699E+03  4.011E+04  1.468E+05  7.581E+05  1.573E+06  0.000E+00
 12  8  5  4  4  2.493E-06  2.357E-06  8.731E-05  6.668E-04  1.373E-02  2.766E-02  0.000E+00  7.474E+02  4.704E+03  3.875E+04  1.443E+05  1.088E+06  1.740E+06  0.000E+00
 12  8  5  5  6  1.458E-08  5.941E-06  1.028E-04  6.317E-04  3.870E-03  3.493E-02  0.000E+00  1.025E+03  1.274E+04  4.352E+04  1.463E+05  8.129E+05  1.590E+06  0.000E+00
 13  9  5  1  2  1.431E-05  3.517E-05  8.709E-04  5.087E-03  2.679E-02  8.922E-02  2.483E-04  1.122E+03  6.431E+03  5.139E+04  1.820E+05  4.936E+05  2.121E+06  1.001E+08
 13  9  5  2  4  6.906E-06  1.101E-04  1.391E-03  6.255E-03  2.307E-02  7.933E-02  0.000E+00  1.100E+04  1.952E+04  6.467E+04  2.177E+05  5.289E+05  2.124E+06  0.000E+00
 13  9  5  3  2  5.862E-05  4.097E-05  1.782E-04  9.218E-04  3.793E-02  4.031E-02  0.000E+00  3.830E+02  5.262E+03  4.304E+04  1.873E+05  1.473E+06  2.290E+06  0.000E+00
 13  9  5  4  4  2.308E-05  2.675E-05  1.778E-04  8.822E-04  1.646E-02  5.960E-02  0.000E+00  1.096E+03  5.501E+03  4.084E+04  1.818E+05  1.224E+06  2.069E+06  0.000E+00
 13  9  5  5  6  3.819E-06  3.082E-05  1.818E-04  8.582E-04  3.131E-02  3.903E-02  0.000E+00  7.123E+02  1.207E+04  4.471E+04  1.837E+05  1.460E+06  2.253E+06  0.000E+00
 14 10  5  1  2  1.246E-04  6.649E-04  2.912E-03  2.912E-02  3.049E-02  1.056E-01  0.000E+00  1.167E+03  9.088E+03  5.332E+04  4.219E+05  1.571E+06  2.721E+06  0.000E+00
 14 10  5  2  4  4.457E-05  6.809E-04  2.237E-03  1.002E-02  2.623E-02  1.130E-01  0.000E+00  7.321E+02  1.048E+04  4.386E+04  2.605E+05  6.513E+05  2.551E+06  0.000E+00
 14 10  5  3  2  1.996E-05  2.201E-05  2.455E-04  1.138E-03  1.801E-02  9.593E-02  0.000E+00  1.290E+03  7.847E+03  6.025E+04  2.187E+05  1.314E+06  2.406E+06  0.000E+00
 14 10  5  4  4  7.523E-06  2.032E-05  2.715E-04  1.109E-03  2.454E-02  8.777E-02  0.000E+00  1.500E+03  1.060E+04  6.097E+04  2.180E+05  1.428E+06  2.469E+06  0.000E+00
 14 10  5  5  6  3.229E-05  3.234E-04  1.059E-03  2.052E-02  8.352E-02  0.000E+00  0.000E+00  1.375E+04  6.599E+04  2.209E+05  1.436E+06  2.456E+06  0.000E+00  0.000E+00
 16 12  5  1  2  9.126E-05  1.691E-04  3.050E-03  2.604E-02  3.245E-02  2.511E-01  4.459E-04  3.575E+03  1.491E+04  9.388E+04  3.856E+05  9.630E+05  3.490E+06  1.743E+08
 16 12  5  2  4  1.249E-05  3.351E-04  4.285E-03  3.031E-02  3.497E-02  2.179E-01  0.000E+00  1.720E+04  3.118E+04  1.017E+05  4.346E+05  1.414E+06  3.588E+06  0.000E+00
 16 12  5  3  2  8.863E-05  9.991E-05  7.936E-04  1.737E-03  5.240E-02  1.852E-01  0.000E+00  1.426E+03  1.180E+04  7.376E+04  3.050E+05  1.932E+06  3.418E+06  0.000E+00
 16 12  5  4  4  2.673E-05  1.097E-04  8.776E-04  1.809E-03  5.774E-02  1.809E-01  0.000E+00  9.445E+02  1.591E+04  7.225E+04  3.139E+05  1.976E+06  3.454E+06  0.000E+00
 16 12  5  5  6  2.249E-05  1.695E-04  8.447E-04  1.744E-03  7.006E-02  1.522E-01  0.000E+00  7.246E+03  2.135E+04  7.099E+04  3.039E+05  2.161E+06  3.601E+06  0.000E+00
 17 13  5  1  2  7.968E-05  1.212E-03  5.278E-03  3.166E-02  3.145E-02  3.193E-01  4.706E-03  3.775E+03  2.304E+04  8.849E+04  4.401E+05  1.166E+06  3.950E+06  9.747E+06
 17 13  5  2  4  8.449E-06  1.167E-03  5.936E-03  3.072E-02  4.150E-02  2.811E-01  0.000E+00  4.566E+03  2.633E+04  9.027E+04  4.567E+05  1.631E+06  4.103E+06  0.000E+00
 17 13  5  3  2  2.549E-04  6.507E-04  9.765E-04  1.900E-03  4.316E-02  2.594E-01  0.000E+00  4.786E+03  1.541E+04  1.349E+05  4.273E+05  1.902E+06  3.765E+06  0.000E+00
 17 13  5  4  4  2.506E-04  4.655E-04  1.071E-03  1.767E-03  5.837E-02  2.484E-01  0.000E+00  2.759E+03  1.091E+04  1.324E+05  4.165E+05  2.063E+06  3.866E+06  0.000E+00
 17 13  5  5  6  5.359E-06  7.724E-05  1.098E-03  1.731E-03  6.543E-02  2.196E-01  0.000E+00  1.078E+02  3.078E+04  1.201E+05  4.021E+05  2.247E+06  3.953E+06  0.000E+00
 18 14  5  1  2  1.885E-04  3.131E-03  5.019E-03  1.104E-02  4.690E-02  1.852E-01  2.407E-01  4.613E+03  2.698E+04  8.987E+04  3.045E+05  7.081E+05  3.524E+06  5.235E+06
 18 14  5  2  4  7.337E-04  3.519E-03  6.095E-03  3.533E-02  5.086E-02  3.563E-01  0.000E+00  5.050E+03  1.751E+04  1.126E+05  5.096E+05  1.972E+06  4.645E+06  0.000E+00
 18 14  5  3  2  8.598E-05  1.873E-04  1.240E-03  2.928E-03  8.158E-02  3.221E-01  0.000E+00  3.296E+03  1.759E+04  1.150E+05  4.567E+05  2.362E+06  4.441E+06  0.000E+00
 18 14  5  4  4  3.039E-05  1.909E-04  1.457E-03  2.839E-03  7.868E-02  3.280E-01  0.000E+00  3.090E+03  2.183E+04  1.086E+05  4.510E+05  2.345E+06  4.420E+06  0.000E+00
 18 14  5  5  6  5.086E-05  2.307E-04  1.550E-03  2.508E-03  7.120E-02  3.039E-01  0.000E+00  5.026E+03  2.480E+04  1.017E+05  4.319E+05  2.415E+06  4.434E+06  0.000E+00
 20 16  5  1  2  1.861E-04  2.067E-03  1.079E-02  5.961E-02  1.290E-01  5.155E-01  0.000E+00  8.140E+03  3.409E+04  1.535E+05  6.411E+05  3.094E+06  6.161E+06  0.000E+00
 20 16  5  2  4  5.047E-04  2.531E-03  1.178E-02  4.548E-02  1.787E-01  4.236E-01  0.000E+00  2.044E+04  4.473E+04  1.546E+05  6.342E+05  3.568E+06  6.360E+06  0.000E+00
 20 16  5  3  2  2.470E-04  5.262E-04  2.188E-03  4.943E-03  1.782E-01  4.132E-01  0.000E+00  4.059E+03  2.152E+04  1.339E+05  6.349E+05  3.185E+06  5.922E+06  0.000E+00
 20 16  5  4  4  7.308E-05  4.619E-04  2.540E-03  4.845E-03  1.199E-01  5.191E-01  0.000E+00  2.464E+03  3.121E+04  1.363E+05  6.279E+05  2.854E+06  5.620E+06  0.000E+00
 20 16  5  5  6  8.502E-05  7.974E-04  2.500E-03  4.298E-03  2.261E-01  3.923E-01  0.000E+00  8.553E+03  3.611E+04  1.493E+05  6.421E+05  3.526E+06  6.236E+06  0.000E+00
 26 22  5  1  2  8.382E-03  7.897E-03  3.157E-02  1.159E-01  3.919E-01  1.017E+00  0.000E+00  5.297E+03  5.829E+04  2.454E+05  9.663E+05  5.580E+06  1.110E+07  0.000E+00
 26 22  5  2  4  5.377E-04  9.421E-03  2.805E-02  5.534E-02  3.009E-01  1.049E+00  0.000E+00  6.633E+03  6.594E+04  2.537E+05  8.300E+05  5.021E+06  1.064E+07  0.000E+00
 26 22  5  3  2  9.537E-04  3.268E-03  7.530E-03  2.620E-02  4.983E-01  9.535E-01  0.000E+00  5.206E+03  5.367E+04  2.360E+05  1.647E+06  5.677E+06  1.063E+07  0.000E+00
 26 22  5  4  4  5.461E-04  4.333E-03  7.625E-03  3.223E-02  4.348E-01  1.148E+00  0.000E+00  1.453E+04  5.430E+04  2.817E+05  1.936E+06  5.562E+06  1.028E+07  0.000E+00
 26 22  5  5  6  6.945E-05  1.206E-03  7.666E-03  3.289E-02  5.461E-01  9.617E-01  0.000E+00  6.684E+03  7.695E+04  2.569E+05  2.006E+06  5.974E+06  1.074E+07  0.000E+00
 28 24  5  1  2  2.382E-03  1.513E-02  8.457E-02  1.696E-01  1.374E+00  2.096E-01  0.000E+00  3.084E+04  8.144E+04  4.681E+05  2.054E+06  1.035E+07  1.918E+07  0.000E+00
 28 24  5  2  4  9.038E-04  1.582E-02  6.105E-02  1.108E-01  9.810E-01  5.526E-01  0.000E+00  3.677E+04  8.986E+04  4.468E+05  2.477E+06  9.292E+06  1.466E+07  0.000E+00
 28 24  5  3  2  6.180E-04  1.290E-02  8.702E-03  3.986E-02  5.770E-01  1.189E+00  0.000E+00  5.660E+03  7.018E+04  2.844E+05  2.023E+06  6.571E+06  1.233E+07  0.000E+00
 28 24  5  4  4  4.578E-04  2.761E-03  1.085E-02  5.223E-02  5.907E-01  1.305E+00  0.000E+00  7.905E+03  6.915E+04  2.833E+05  2.398E+06  6.651E+06  1.222E+07  0.000E+00
 28 24  5  5  6  1.526E-04  4.895E-03  8.767E-03  5.202E-02  4.441E-01  1.394E+00  0.000E+00  1.429E+04  9.994E+04  2.819E+05  2.435E+06  6.175E+06  1.176E+07  0.000E+00
  7  2  6  1  1  1.658E-08  2.760E-08  2.391E-09  7.585E-07  3.012E-04  7.132E-04  0.000E+00  1.265E+01  8.425E+01  2.964E+02  5.923E+03  1.278E+05  2.184E+05  0.000E+00
  7  2  6  2  3  3.436E-09  9.964E-09  1.295E-09  7.317E-07  1.594E-04  7.399E-04  3.224E-05  1.461E+01  8.804E+01  6.031E+02  5.802E+03  1.167E+05  2.045E+05  4.813E+05
  7  2  6  3  5  2.158E-09  7.666E-07  1.647E-04  6.598E-04  4.357E-05  0.000E+00  0.000E+00  8.099E+02  5.835E+03  1.227E+05  2.081E+05  3.782E+05  0.000E+00  0.000E+00
  7  2  6  4  5  2.311E-09  2.866E-09 -7.580E-11  6.160E-07  6.126E-05  5.288E-05  0.000E+00  6.775E+02  1.879E+03  7.267E+02  1.854E+04  1.159E+05  2.073E+05  0.000E+00
  7  2  6  5  1  1.125E-14  1.315E-10  4.800E-05  6.924E-05  4.899E-06  0.000E+00  0.000E+00  2.327E+02  2.250E+04  1.017E+05  1.633E+05  3.753E+05  0.000E+00  0.000E+00
  7  2  6  6  5  6.000E-05  8.865E-05  0.000E+00  0.000E+00  0.000E+00  0.000E+00  0.000E+00  8.597E+04  1.723E+05  0.000E+00  0.000E+00  0.000E+00  0.000E+00  0.000E+00
  8  3  6  1  1  1.627E-07  1.262E-07  6.663E-07  3.925E-06  2.406E-03  1.146E-03  0.000E+00  4.535E+01  2.847E+02  4.166E+03  2.877E+04  1.953E+05  3.646E+05  0.000E+00
  8  3  6  2  3  4.897E-08  4.727E-08  5.477E-07  1.312E-06  1.269E-03  2.041E-03  2.129E-05  4.855E+01  2.753E+02  3.716E+03  1.788E+04  1.698E+05  2.972E+05  1.105E+06
  8  3  6  3  5  5.655E-07  3.307E-06  2.017E-03  1.124E-03 -7.597E-05  0.000E+00  0.000E+00  3.210E+03  2.302E+04  1.946E+05  4.023E+05  1.244E+06  0.000E+00  0.000E+00
  8  3  6  4  5  9.211E-08  5.604E-07  8.448E-05  2.656E-04  6.427E-05  0.000E+00  0.000E+00  7.469E+03  1.905E+04  1.220E+05  2.637E+05  4.873E+05  0.000E+00  0.000E+00
  8  3  6  5  1  6.503E-10  1.722E-06  3.305E-05  1.961E-04  1.989E-04  0.000E+00  0.000E+00  7.464E+03  1.467E+04  9.059E+04  1.739E+05  3.539E+05  0.000E+00  0.000E+00
  8  3  6  6  5  2.021E-06  1.601E-04  1.847E-04  2.060E-05  0.000E+00  0.000E+00  0.000E+00  1.483E+04  8.623E+04  2.246E+05  5.766E+05  0.000E+00  0.000E+00  0.000E+00
 10  5  6  1  1  2.922E-06  7.144E-06  2.836E-05  9.820E-05  8.379E-03  1.009E-02  0.000E+00  2.050E+02  2.205E+03  9.271E+03  4.988E+04  2.904E+05  8.782E+05  0.000E+00
 10  5  6  2  3  8.987E-07  8.325E-06  2.811E-05  9.846E-05  1.147E-03  7.234E-03  9.023E-03  1.138E+02  2.373E+03  9.614E+03  4.886E+04  2.006E+05  3.224E+05  8.842E+05
 10  5  6  3  5  3.246E-06  9.369E-06  2.908E-05  1.029E-04  1.328E-03  6.532E-03  7.976E-03  1.286E+03  2.914E+03  1.043E+04  4.904E+04  2.063E+05  3.296E+05  8.658E+05
 10  5  6  4  5  1.203E-06  1.162E-07  4.657E-06  8.913E-05  1.215E-03  4.659E-03  0.000E+00  1.769E+03  5.790E+03  1.663E+04  5.547E+04  2.582E+05  8.091E+05  0.000E+00
 10  5  6  5  1  3.295E-06  1.412E-07  2.102E-06  7.933E-05  1.156E-03  4.113E-03  0.000E+00  2.991E+02  1.625E+03  1.037E+04  5.570E+04  2.500E+05  7.770E+05  0.000E+00
 10  5  6  6  5  3.534E-06  1.451E-05  3.818E-04  4.048E-04  3.286E-03  0.000E+00  0.000E+00  9.263E+03  2.997E+04  1.264E+05  4.345E+05  8.230E+05  0.000E+00  0.000E+00
 11  6  6  1  1  1.118E-04  1.974E-05  6.610E-05  3.533E-04  1.082E-02  2.061E-02  2.115E-03  3.455E+02  2.293E+03  1.670E+04  7.203E+04  3.343E+05  1.090E+06  1.987E+06
 11  6  6  2  3  9.122E-06  1.792E-05  7.428E-05  4.798E-04  1.130E-02  1.997E-02  0.000E+00  4.289E+02  2.462E+03  1.864E+04  7.872E+04  3.571E+05  1.191E+06  0.000E+00
 11  6  6  3  5  1.392E-05  9.375E-06  8.276E-05  4.729E-04  1.023E-02  1.791E-02  0.000E+00  4.251E+02  2.370E+03  1.846E+04  7.710E+04  3.558E+05  1.169E+06  0.000E+00
 11  6  6  4  5  1.748E-05  1.344E-07  8.219E-06  2.786E-04  2.243E-03  1.150E-02  0.000E+00  2.066E+03  3.096E+03  2.184E+04  1.213E+05  3.491E+05  1.091E+06  0.000E+00
 11  6  6  5  1  1.540E-06  4.323E-07  6.034E-05  1.305E-03  5.870E-03  5.072E-03  0.000E+00  6.402E+03  1.437E+04  6.772E+04  2.158E+05  8.079E+05  1.212E+06  0.000E+00
 11  6  6  6  5  5.015E-06  1.482E-05  2.611E-04  6.841E-04  9.025E-03  0.000E+00  0.000E+00  3.737E+03  2.694E+04  1.119E+05  3.575E+05  1.076E+06  0.000E+00  0.000E+00
 12  7  6  1  1  2.931E-05  5.192E-05  1.769E-04  7.988E-04  1.488E-02  4.546E-02  1.505E-04  7.667E+02  3.444E+03  2.409E+04  1.190E+05  3.999E+05  1.502E+06  2.464E+07
 12  7  6  2  3  6.996E-06  2.108E-05  1.853E-04  1.587E-03  1.455E-02  4.069E-02  0.000E+00  4.682E+02  4.064E+03  2.446E+04  1.429E+05  4.469E+05  1.527E+06  0.000E+00
 12  7  6  3  5  5.031E-06  1.716E-05  2.131E-04  1.543E-03  1.359E-02  3.698E-02  0.000E+00  6.749E+02  5.427E+03  2.433E+04  1.398E+05  4.470E+05  1.513E+06  0.000E+00
 12  7  6  4  5  2.186E-05  7.192E-06  5.816E-05  7.846E-04  4.470E-03  2.631E-02  0.000E+00  2.171E+03  5.980E+03  2.745E+04  1.216E+05  4.867E+05  1.448E+06  0.000E+00
 12  7  6  5  1  2.631E-08  1.674E-05  1.590E-04  6.568E-04  3.325E-03  2.137E-02  0.000E+00  1.883E+03  7.220E+03  2.633E+04  1.137E+05  4.477E+05  1.349E+06  0.000E+00
 12  7  6  6  5  1.016E-05  4.422E-06  2.750E-05  4.424E-04  1.089E-03  2.565E-02  0.000E+00  3.004E+03  5.626E+03  5.178E+04  1.594E+05  5.680E+05  1.405E+06  0.000E+00
 13  8  6  1  1  3.236E-05  7.821E-05  3.899E-04  2.106E-03  2.015E-02  7.710E-02  0.000E+00  9.357E+02  4.775E+03  3.796E+04  1.619E+05  4.954E+05  1.885E+06  0.000E+00
 13  8  6  2  3  4.196E-05  6.058E-05  8.875E-04  1.588E-02  5.573E-02  2.015E-02  0.000E+00  4.514E+02  4.575E+03  5.641E+04  3.793E+05  1.577E+06  2.489E+06  0.000E+00
 13  8  6  3  5  1.840E-05  9.957E-05  9.965E-04  1.451E-02  3.839E-02  3.113E-02  0.000E+00  1.420E+02  1.412E+04  6.353E+04  3.809E+05  1.476E+06  2.180E+06  0.000E+00
 13  8  6  4  5  2.777E-05  1.246E-04  2.689E-04  1.399E-03  5.947E-03  4.954E-02  0.000E+00  9.146E+02  5.233E+03  2.499E+04  1.799E+05  5.969E+05  1.778E+06  0.000E+00
 13  8  6  5  1  9.984E-05  6.872E-05  1.853E-04  1.754E-03  5.944E-03  3.916E-02  0.000E+00  3.617E+02  7.142E+03  2.452E+04  2.352E+05  7.187E+05  1.721E+06  0.000E+00
 13  8  6  6  5  2.806E-07  1.618E-05  4.311E-05  6.692E-04  3.012E-02  1.468E-02  0.000E+00  8.407E+03  2.033E+04  4.078E+04  1.723E+05  1.435E+06  2.257E+06  0.000E+00
 14  9  6  1  1  5.845E-04  6.600E-04  7.180E-04  1.714E-02  2.958E-02  1.075E-01  0.000E+00  9.856E+02  6.577E+03  4.281E+04  3.944E+05  1.296E+06  2.441E+06  0.000E+00
 14  9  6  2  3  3.173E-04  5.344E-04  8.094E-04  1.647E-02  3.822E-02  8.956E-02  0.000E+00  1.160E+03  7.012E+03  5.459E+04  3.942E+05  1.435E+06  2.512E+06  0.000E+00
 14  9  6  3  5  1.442E-04  4.301E-04  9.398E-04  1.407E-02  2.181E-02  9.903E-02  0.000E+00  1.038E+03  6.645E+03  6.897E+04  3.848E+05  1.137E+06  2.391E+06  0.000E+00
 14  9  6  4  5  1.564E-04  1.163E-05  1.124E-04  3.035E-03  9.273E-03  8.323E-02  0.000E+00  2.724E+02  7.249E+03  4.864E+04  2.447E+05  8.135E+05  2.177E+06  0.000E+00
 14  9  6  5  1  4.326E-08  1.213E-05  1.471E-04  2.839E-03  1.019E-02  6.505E-02  0.000E+00  1.448E+04  2.828E+04  6.904E+04  2.449E+05  9.073E+05  2.126E+06  0.000E+00
 14  9  6  6  5  8.966E-06  1.506E-05  1.591E-04  8.644E-04  1.304E-02  7.418E-02  0.000E+00  1.614E+03  8.422E+03  5.535E+04  1.816E+05  1.310E+06  2.229E+06  0.000E+00
 16 11  6  1  1  1.371E-04  3.096E-04  1.782E-03  1.278E-02  3.323E-02  2.593E-01  0.000E+00  1.505E+03  1.100E+04  6.720E+04  3.364E+05  9.686E+05  3.195E+06  0.000E+00
 16 11  6  2  3  3.493E-05  1.176E-04  2.017E-03  1.721E-02  3.570E-02  2.345E-01  0.000E+00  3.258E+03  1.235E+04  7.061E+04  3.818E+05  1.284E+06  3.260E+06  0.000E+00
 16 11  6  3  5  3.923E-05  2.147E-04  2.262E-03  1.209E-02  2.872E-02  2.369E-01  0.000E+00  7.638E+03  2.134E+04  6.875E+04  3.325E+05  1.006E+06  3.180E+06  0.000E+00
 16 11  6  4  5  2.025E-05  4.922E-04  1.303E-03  6.504E-03  2.651E-02  1.873E-01  0.000E+00  1.594E+03  1.882E+04  5.995E+04  3.216E+05  1.427E+06  3.144E+06  0.000E+00
 16 11  6  5  1  2.364E-06  5.498E-04  7.913E-04  5.630E-03  2.872E-02  1.495E-01  0.000E+00  7.910E+02  1.794E+04  5.461E+04  3.357E+05  1.522E+06  3.076E+06  0.000E+00
 16 11  6  6  5  2.878E-05  9.151E-06  2.333E-04  1.024E-03  3.099E-02  1.488E-01  0.000E+00  4.226E+03  1.323E+04  7.447E+04  2.644E+05  1.782E+06  3.112E+06  0.000E+00
 17 12  6  1  1  2.671E-04  1.439E-03  3.183E-03  6.145E-03  2.694E-02  1.149E-01  2.573E-01  1.837E+03  1.505E+04  6.655E+04  3.305E+05  6.394E+05  2.563E+06  4.071E+06
 17 12  6  2  3  2.885E-04  1.800E-03  2.708E-03  1.461E-02  3.761E-02  3.348E-01  0.000E+00  2.150E+03  1.346E+04  6.553E+04  3.579E+05  1.135E+06  3.678E+06  0.000E+00
 17 12  6  3  5  5.626E-04  8.588E-04  3.524E-03  1.656E-02  4.162E-02  3.141E-01  0.000E+00  2.093E+03  1.170E+04  6.456E+04  3.956E+05  1.394E+06  3.741E+06  0.000E+00
 17 12  6  4  5  8.473E-05  3.353E-04  1.723E-03  9.250E-03  3.962E-02  2.588E-01  0.000E+00  1.191E+03  2.023E+04  6.448E+04  4.034E+05  1.773E+06  3.676E+06  0.000E+00
 17 12  6  5  1  1.698E-05  2.388E-04  1.023E-03  7.683E-03  5.998E-02  1.982E-01  0.000E+00  2.506E+04  3.691E+04  1.228E+05  4.135E+05  2.036E+06  3.730E+06  0.000E+00
 17 12  6  6  5  1.632E-06  8.262E-05  5.731E-04  1.525E-03  4.395E-02  2.195E-01  0.000E+00  1.094E+04  2.363E+04  1.053E+05  2.995E+05  2.027E+06  3.633E+06  0.000E+00
 18 13  6  1  1  2.150E-04  6.864E-04  2.705E-03  2.338E-02  4.951E-02  4.399E-01  8.728E-04  2.258E+03  1.495E+04  9.067E+04  4.780E+05  1.538E+06  4.274E+06  4.681E+07
 18 13  6  2  3  1.625E-04  9.659E-04  4.001E-03  3.052E-02  1.178E-01  3.492E-01  0.000E+00  4.453E+03  1.664E+04  8.870E+04  5.390E+05  2.616E+06  4.560E+06  0.000E+00
 18 13  6  3  5  1.467E-04  7.030E-04  3.443E-03  2.538E-02  7.405E-02  3.857E-01  0.000E+00  1.172E+03  2.259E+04  8.369E+04  5.019E+05  2.221E+06  4.370E+06  0.000E+00
 18 13  6  4  5  2.279E-05  2.237E-04  1.853E-03  1.256E-02  4.996E-02  3.496E-01  0.000E+00  3.197E+03  1.878E+04  1.278E+05  4.741E+05  2.051E+06  4.188E+06  0.000E+00
 18 13  6  5  1  5.354E-05  4.677E-04  1.749E-03  9.316E-03  5.059E-02  2.960E-01  0.000E+00  2.119E+03  1.715E+04  1.327E+05  4.726E+05  2.076E+06  4.087E+06  0.000E+00
 18 13  6  6  5  1.081E-05  1.320E-04  1.337E-03  1.639E-03  2.938E-02  3.186E-01  0.000E+00  5.460E+03  1.765E+04  1.134E+05  3.396E+05  1.843E+06  3.967E+06  0.000E+00
 20 15  6  1  1  2.456E-04  1.305E-03  5.715E-03  3.863E-02  1.100E-01  6.152E-01  1.463E-03  3.806E+03  2.310E+04  1.194E+05  6.171E+05  2.656E+06  5.600E+06  8.556E+07
 20 15  6  2  3  9.779E-05  1.533E-03  6.066E-03  3.878E-02  1.538E-01  5.657E-01  0.000E+00  3.293E+03  2.936E+04  1.195E+05  6.177E+05  3.102E+06  5.721E+06  0.000E+00
 20 15  6  3  5  2.095E-04  2.525E-03  6.550E-03  3.801E-02  2.683E-01  4.407E-01  0.000E+00  9.217E+03  3.130E+04  1.443E+05  6.641E+05  3.764E+06  6.052E+06  0.000E+00
 20 15  6  4  5  1.358E-03  1.633E-03  1.058E-02  2.976E-02  4.243E-01  1.992E-01  0.000E+00  2.263E+04  5.494E+04  3.009E+05  1.199E+06  4.464E+06  6.606E+06  0.000E+00
 20 15  6  5  1  4.532E-04  1.817E-03  2.658E-03  1.517E-02  1.444E-01  4.347E-01  0.000E+00  1.235E+04  2.747E+04  1.572E+05  5.695E+05  3.051E+06  5.541E+06  0.000E+00
 20 15  6  6  5  1.435E-04  1.365E-04  1.021E-03  2.088E-03  1.175E-01  4.507E-01  0.000E+00  3.524E+03  1.876E+04  1.217E+05  4.950E+05  2.932E+06  5.346E+06  0.000E+00
 26 21  6  1  1  2.565E-03  1.685E-02  1.827E-02  6.957E-02  3.254E-01  5.101E-01  7.325E-01  6.553E+03  4.351E+04  2.059E+05  9.250E+05  4.610E+06  1.019E+07  1.019E+07
 26 21  6  2  3  2.908E-03  7.344E-03  2.592E-02  6.396E-02  5.065E-01  1.179E+00  0.000E+00  1.141E+04  3.648E+04  2.707E+05  1.096E+06  5.675E+06  1.051E+07  0.000E+00
 26 21  6  3  5  2.565E-03  4.403E-03  2.519E-02  6.111E-02  4.564E-01  1.187E+00  0.000E+00  9.078E+02  7.352E+04  2.388E+05  1.123E+06  5.556E+06  1.025E+07  0.000E+00
 26 21  6  4  5  5.343E-04  1.382E-03  1.684E-02  3.956E-02  4.960E-01  1.099E+00  0.000E+00  1.058E+04  4.454E+04  2.621E+05  1.050E+06  5.459E+06  1.032E+07  0.000E+00
 26 21  6  5  1  2.883E-04  8.930E-04  1.328E-02  3.279E-02  3.243E-01  1.186E+00  0.000E+00  1.046E+04  4.702E+04  3.182E+05  1.108E+06  4.889E+06  9.604E+06  0.000E+00
 26 21  6  6  5  6.696E-04  1.652E-03  5.090E-03  9.590E-02  7.001E-01  7.338E-01  0.000E+00  1.585E+04  4.767E+04  2.649E+05  3.103E+06  6.819E+06  1.093E+07  0.000E+00
 28 23  6  1  1  2.180E-03  1.906E-02  2.225E-02  8.285E-02  3.426E-01  1.528E+00  0.000E+00  1.389E+04  6.990E+04  2.700E+05  1.049E+06  4.925E+06  1.177E+07  0.000E+00
 28 23  6  2  3  9.941E-04  1.024E-02  3.612E-02  6.522E-02  5.481E-01  1.496E+00  0.000E+00  5.942E+03  6.473E+04  2.887E+05  1.174E+06  5.992E+06  1.209E+07  0.000E+00
 28 23  6  3  5  2.955E-03  1.203E-02  3.065E-02  7.177E-02  5.847E-01  1.399E+00  0.000E+00  5.162E+03  7.485E+04  2.904E+05  1.326E+06  6.355E+06  1.208E+07  0.000E+00
 28 23  6  4  5  3.085E-04  7.628E-03  2.293E-02  4.824E-02  4.728E-01  1.456E+00  0.000E+00  6.648E+03  6.304E+04  3.118E+05  1.302E+06  5.833E+06  1.152E+07  0.000E+00
 28 23  6  5  1  1.086E-04  1.540E-03  2.040E-02  4.267E-02  4.028E-01  1.445E+00  0.000E+00  8.115E+03  7.847E+04  3.243E+05  1.326E+06  5.546E+06  1.123E+07  0.000E+00
 28 23  6  6  5  1.569E-04  1.334E-03  8.083E-03  2.185E-01  6.044E-01  1.096E+00  4.860E-03  8.297E+03  5.750E+04  2.841E+05  4.190E+06  7.882E+06  1.200E+07  2.754E+08
  8  2  7  1  4  5.629E-08  2.550E-07  6.173E-04  1.627E-04  0.000E+00  0.000E+00  0.000E+00  5.395E+03  1.770E+04  1.671E+05  2.687E+05  0.000E+00  0.000E+00  0.000E+00
  8  2  7  2  4  1.399E-10  5.999E-13  6.595E-09  1.028E-04  2.695E-05  0.000E+00  0.000E+00  5.513E+02  8.733E+02  1.558E+04  1.327E+05  2.472E+05  0.000E+00  0.000E+00
  8  2  7  3  6  1.389E-10  6.742E-09  1.057E-04  2.769E-05  0.000E+00  0.000E+00  0.000E+00  5.794E+02  1.579E+04  1.337E+05  2.344E+05  0.000E+00  0.000E+00  0.000E+00
  8  2  7  4  4  1.734E-13  1.896E-06  1.326E-04  1.990E-05  0.000E+00  0.000E+00  0.000E+00  1.042E+00  6.350E+04  1.179E+05  2.584E+05  0.000E+00  0.000E+00  0.000E+00
  8  2  7  5  2  5.720E-07  1.142E-04  4.298E-05  3.353E-06  0.000E+00  0.000E+00  0.000E+00  5.764E+04  1.124E+05  1.865E+05  3.662E+05  0.000E+00  0.000E+00  0.000E+00
 10  4  7  1  4  2.763E-06  1.053E-05  4.453E-05  6.244E-03  3.146E-04  4.465E-03  0.000E+00  6.393E+02  1.499E+03  3.227E+04  2.561E+05  4.505E+05  7.934E+05  0.000E+00
 10  4  7  2  4  1.085E-06  6.599E-06  2.412E-04  1.364E-03  4.359E-05  0.000E+00  0.000E+00  8.718E+03  2.879E+04  1.849E+05  6.129E+05  1.428E+06  0.000E+00  0.000E+00
 10  4  7  3  6  9.900E-07  5.911E-06  2.589E-04  1.477E-03  3.059E-05  0.000E+00  0.000E+00  8.800E+03  2.900E+04  1.856E+05  6.204E+05  1.887E+06  0.000E+00  0.000E+00
 10  4  7  4  2  1.115E-09  7.732E-07  6.267E-06  3.068E-04  1.550E-03  0.000E+00  0.000E+00  4.698E+00  1.145E+04  4.569E+04  1.703E+05  6.077E+05  0.000E+00  0.000E+00
 10  4  7  5  4  7.209E-07  6.418E-06  3.035E-04  1.583E-03  2.306E-05  0.000E+00  0.000E+00  1.134E+04  4.656E+04  1.715E+05  6.094E+05  1.430E+06  0.000E+00  0.000E+00
 11  5  7  1  4  2.447E-06  1.008E-05  8.172E-05  2.254E-04  9.976E-03  1.237E-02  0.000E+00  2.229E+03  4.689E+03  2.297E+04  9.453E+04  3.122E+05  1.079E+06  0.000E+00
 11  5  7  2  4  4.788E-08  1.230E-07  6.518E-06  4.596E-05  8.215E-04  4.574E-03  0.000E+00  2.770E+02  5.944E+03  1.568E+04  5.936E+04  2.784E+05  8.985E+05  0.000E+00
 11  5  7  3  6  1.829E-06  1.479E-05  2.343E-04  3.123E-03  2.358E-03  0.000E+00  0.000E+00  1.063E+04  2.650E+04  1.315E+05  5.755E+05  1.259E+06  0.000E+00  0.000E+00
 11  5  7  4  2  9.423E-09  4.753E-09  1.933E-05  4.887E-05  7.576E-04  5.075E-03  0.000E+00  2.549E+01  4.634E+03  2.265E+04  5.823E+04  2.497E+05  8.581E+05  0.000E+00
 11  5  7  5  4  9.327E-09  2.296E-08  2.028E-05  4.700E-05  4.363E-04  8.593E-04  4.657E-03  7.183E+03  8.541E+03  2.328E+04  6.013E+04  2.081E+05  4.829E+05  9.047E+05
 12  6  7  1  4  2.407E-05  1.187E-04  3.845E-04  1.333E-02  2.804E-02  8.746E-04  0.000E+00  8.061E+03  2.154E+04  6.640E+04  3.406E+05  1.327E+06  3.347E+06  0.000E+00
 12  6  7  2  4  1.729E-08  4.494E-06  2.205E-05  1.446E-04  1.666E-03  1.304E-02  0.000E+00  1.196E+01  8.852E+03  2.316E+04  8.504E+04  3.759E+05  1.201E+06  0.000E+00
 12  6  7  3  6  6.514E-06  4.858E-05  7.032E-04  1.100E-02  3.610E-03  0.000E+00  0.000E+00  1.007E+04  4.170E+04  2.058E+05  9.562E+05  1.901E+06  0.000E+00  0.000E+00
 12  6  7  4  2  5.020E-08  5.163E-06  2.903E-05  1.430E-04  1.437E-03  1.427E-02  0.000E+00  6.657E+01  4.930E+03  2.981E+04  1.053E+05  3.456E+05  1.144E+06  0.000E+00
 12  6  7  5  4  4.421E-06 -8.327E-09  3.246E-05  1.365E-04  1.489E-03  1.438E-02  0.000E+00  4.769E+03  4.736E+03  2.894E+04  1.051E+05  3.523E+05  1.155E+06  0.000E+00
 13  7  7  1  4  1.460E-05  9.728E-05  6.830E-04  1.230E-02  9.660E-03  5.047E-02  0.000E+00  4.671E+02  1.234E+04  4.178E+04  3.345E+05  6.942E+05  1.786E+06  0.000E+00
 13  7  7  2  4  9.033E-08  1.184E-05  3.468E-05  3.965E-04  3.033E-03  2.972E-02  0.000E+00  5.029E+01  6.610E+03  2.733E+04  1.278E+05  5.181E+05  1.547E+06  0.000E+00
 13  7  7  3  6  1.056E-05  9.814E-05  1.456E-03  2.877E-02  3.888E-03  0.000E+00  0.000E+00  6.493E+03  4.732E+04  2.621E+05  1.372E+06  2.688E+06  0.000E+00  0.000E+00
 13  7  7  4  2  1.792E-06  8.327E-06  3.973E-05  4.516E-04  2.375E-03  3.086E-02  0.000E+00  9.915E+02  3.724E+03  3.067E+04  1.277E+05  4.597E+05  1.465E+06  0.000E+00
 13  7  7  5  4  4.354E-06  6.586E-06  4.364E-05  4.418E-04  2.892E-03  3.096E-02  0.000E+00  1.547E+03  5.106E+03  3.388E+04  1.298E+05  5.063E+05  1.490E+06  0.000E+00
 14  8  7  1  4  5.272E-05  2.282E-04  1.345E-03  2.246E-02  9.606E-02  8.366E-04  0.000E+00  2.829E+03  2.617E+04  1.374E+05  4.520E+05  2.072E+06  7.808E+06  0.000E+00
 14  8  7  2  4  4.777E-07  7.839E-05  3.072E-04  9.196E-04  4.785E-03  6.138E-02  0.000E+00  1.997E+02  1.128E+04  3.038E+04  1.866E+05  6.667E+05  1.918E+06  0.000E+00
 14  8  7  3  6  3.396E-05  2.049E-04  2.549E-04  2.782E-03  6.597E-02  0.000E+00  0.000E+00  1.167E+04  2.250E+04  6.453E+04  3.477E+05  1.866E+06  0.000E+00  0.000E+00
 14  8  7  4  2  1.361E-05  2.052E-05  8.411E-05  9.785E-04  6.822E-03  5.925E-02  0.000E+00  1.540E+03  6.189E+03  2.976E+04  1.593E+05  7.578E+05  1.884E+06  0.000E+00
 14  8  7  5  4  6.410E-06  1.923E-05  7.732E-05  9.926E-04  6.918E-03  5.974E-02  0.000E+00  9.433E+02  6.400E+03  3.126E+04  1.642E+05  7.663E+05  1.885E+06  0.000E+00
 16 10  7  1  4  1.830E-04  1.551E-03  1.717E-03  2.798E-02  6.933E-02  1.727E-01  0.000E+00  1.122E+04  3.121E+04  9.348E+04  4.792E+05  2.052E+06  3.291E+06  0.000E+00
 16 10  7  2  4  6.015E-06  2.530E-04  3.681E-04  2.809E-03  1.616E-02  1.636E-01  0.000E+00  1.082E+03  1.018E+04  7.040E+04  3.009E+05  1.227E+06  2.821E+06  0.000E+00
 16 10  7  3  6  1.278E-05  2.964E-05  3.415E-04  4.237E-03  3.578E-02  1.554E-01  0.000E+00  8.064E+03  1.835E+04  6.860E+04  3.532E+05  1.701E+06  2.962E+06  0.000E+00
 16 10  7  4  2  1.098E-05  3.897E-05  2.641E-04  2.887E-03  2.628E-02  1.516E-01  0.000E+00  1.604E+03  8.069E+03  5.193E+04  2.953E+05  1.419E+06  2.801E+06  0.000E+00
 16 10  7  5  4  1.294E-05  3.115E-05  2.677E-04  2.989E-03  2.255E-02  1.592E-01  0.000E+00  6.357E+02  6.826E+03  5.020E+04  2.985E+05  1.348E+06  2.781E+06  0.000E+00
 17 11  7  1  4  3.154E-04  5.858E-04  2.821E-03  3.456E-02  8.550E-02  2.598E-01  2.163E-03  3.028E+03  1.453E+04  1.266E+05  5.511E+05  2.414E+06  3.713E+06  1.357E+09
 17 11  7  2  4  8.265E-05  1.025E-04  9.299E-04  4.683E-03  3.243E-02  2.390E-01  0.000E+00  8.838E+02  1.185E+04  5.355E+04  3.713E+05  1.664E+06  3.363E+06  0.000E+00
 17 11  7  3  6  3.490E-05  1.674E-04  8.459E-04  6.875E-03  6.847E-02  2.166E-01  0.000E+00  3.230E+02  2.124E+04  5.678E+04  4.324E+05  2.182E+06  3.512E+06  0.000E+00
 17 11  7  4  2  3.388E-06  4.148E-06  6.097E-04  4.362E-03  5.362E-02  2.133E-01  0.000E+00  9.978E+02  1.035E+04  9.334E+04  3.446E+05  1.861E+06  3.365E+06  0.000E+00
 17 11  7  5  4  5.478E-06  1.211E-05  6.443E-04  4.563E-03  4.272E-02  2.315E-01  0.000E+00  2.426E+04  3.906E+04  1.086E+05  3.629E+05  1.736E+06  3.325E+06  0.000E+00
 18 12  7  1  4  7.762E-05  2.947E-04  2.841E-03  2.215E-02  3.892E-02  4.219E-01  1.418E-02  2.836E+03  1.624E+04  8.427E+04  4.223E+05  1.125E+06  3.906E+06  5.900E+06
 18 12  7  2  4  1.493E-05  8.768E-05  7.081E-04  5.964E-03  4.554E-02  3.299E-01  0.000E+00  1.929E+03  1.440E+04  9.037E+04  3.861E+05  1.907E+06  3.864E+06  0.000E+00
 18 12  7  3  6  1.701E-05  5.541E-05  8.421E-04  8.516E-03  8.572E-02  3.116E-01  0.000E+00  1.395E+04  2.743E+04  1.111E+05  4.623E+05  2.430E+06  4.029E+06  0.000E+00
 18 12  7  4  2  5.645E-06  2.801E-04  1.043E-03  5.757E-03  5.580E-02  3.139E-01  0.000E+00  1.588E+03  2.690E+04  7.783E+04  3.885E+05  1.997E+06  3.792E+06  0.000E+00
 18 12  7  5  4  1.216E-05  2.398E-04  1.143E-03  6.075E-03  5.404E-02  3.234E-01  0.000E+00  8.151E+03  2.478E+04  8.648E+04  3.998E+05  1.973E+06  3.810E+06  0.000E+00
 20 14  7  1  4  1.162E-04  2.105E-03  4.080E-03  3.587E-02  8.080E-02  7.038E-01  0.000E+00  3.547E+03  2.672E+04  9.898E+04  5.104E+05  1.930E+06  5.204E+06  0.000E+00
 20 14  7  2  4  2.149E-04  1.220E-03  2.817E-03  1.071E-02  1.364E-01  5.499E-01  0.000E+00  6.043E+03  2.076E+04  9.310E+04  5.373E+05  2.874E+06  5.203E+06  0.000E+00
 20 14  7  3  6  6.651E-04  2.966E-04  2.497E-03  1.071E-02  1.081E-01  5.997E-01  0.000E+00  2.249E+03  1.581E+04  1.050E+05  5.243E+05  2.659E+06  5.137E+06  0.000E+00
 20 14  7  4  2  2.718E-05  7.022E-04  1.138E-03  9.750E-03  1.267E-01  5.429E-01  0.000E+00  4.550E+03  2.216E+04  1.203E+05  5.137E+05  2.746E+06  5.027E+06  0.000E+00
 20 14  7  5  4  2.135E-04  5.829E-04  1.084E-03  1.025E-02  1.549E-01  5.239E-01  0.000E+00  3.438E+03  1.871E+04  1.149E+05  5.088E+05  2.891E+06  5.171E+06  0.000E+00
 26 20  7  1  4  2.106E-03  6.569E-03  1.532E-02  3.799E-02  7.669E-02  6.701E-01  1.298E+00  4.463E+03  3.545E+04  1.944E+05  6.148E+05  1.635E+06  6.100E+06  1.026E+07
 26 20  7  2  4  3.638E-03  2.637E-03  1.333E-02  3.798E-02  5.040E-01  1.469E+00  0.000E+00  2.915E+03  4.150E+04  1.900E+05  9.846E+05  5.193E+06  9.731E+06  0.000E+00
 26 20  7  3  6  9.997E-05  3.278E-03  9.132E-03  2.938E-02  3.327E-01  1.652E+00  0.000E+00  7.397E+03  6.208E+04  2.124E+05  9.090E+05  4.386E+06  9.278E+06  0.000E+00
 26 20  7  4  2  1.024E-04  7.072E-04  9.143E-03  3.395E-02  3.772E-01  1.563E+00  0.000E+00  1.860E+03  4.755E+04  2.366E+05  1.019E+06  4.599E+06  9.186E+06  0.000E+00
 26 20  7  5  4  9.015E-05  7.234E-04  8.880E-03  2.852E-02  4.698E-01  1.455E+00  0.000E+00  4.168E+03  4.422E+04  2.497E+05  9.990E+05  4.959E+06  9.450E+06  0.000E+00
 28 22  7  1  4  1.685E-03  1.129E-02  2.219E-02  8.431E-02  3.983E-01  2.101E+00  0.000E+00  2.629E+03  6.494E+04  2.360E+05  9.672E+05  4.719E+06  1.108E+07  0.000E+00
 28 22  7  2  4  1.674E-03  1.226E-02  1.356E-02  5.591E-02  6.118E-01  1.856E+00  0.000E+00  1.321E+04  4.796E+04  3.162E+05  1.230E+06  5.890E+06  1.132E+07  0.000E+00
 28 22  7  3  6  4.692E-03  1.800E-03  1.419E-02  4.557E-02  6.228E-01  1.834E+00  0.000E+00  1.016E+04  4.994E+04  3.202E+05  1.237E+06  5.837E+06  1.136E+07  0.000E+00
 28 22  7  4  2  3.630E-04  4.496E-03  1.097E-02  4.989E-02  5.189E-01  1.919E+00  0.000E+00  5.237E+03  6.120E+04  2.719E+05  1.211E+06  5.418E+06  1.088E+07  0.000E+00
 28 22  7  5  4  8.046E-04  2.372E-03  1.302E-02  3.906E-02  6.511E-01  1.743E+00  0.000E+00  1.381E+04  6.152E+04  3.139E+05  1.219E+06  5.852E+06  1.119E+07  0.000E+00
 10  3  8  1  5  2.980E-08  1.257E-07  1.122E-06  2.626E-03  8.802E-04  1.231E+00  0.000E+00  4.579E+01  4.753E+02  1.481E+04  2.810E+05  4.763E+05  4.677E+08  0.000E+00
 10  3  8  2  3  5.170E-09  2.299E-07  7.332E-07  2.165E-03  7.442E-04  0.000E+00  0.000E+00  2.318E+02  7.109E+03  2.273E+04  2.803E+05  4.800E+05  0.000E+00  0.000E+00
 10  3  8  3  1  2.016E-08  6.771E-07  1.248E-06  1.901E-03  6.676E-04  0.000E+00  0.000E+00  2.878E+03  9.866E+03  2.576E+04  2.840E+05  4.731E+05  0.000E+00  0.000E+00
 10  3  8  4  5  3.262E-08  1.533E-07  3.659E-04  3.841E-04 -1.096E-05  0.000E+00  0.000E+00  1.693E+04  3.763E+04  2.551E+05  4.795E+05  1.099E+06  0.000E+00  0.000E+00
 10  3  8  5  1  1.718E-06  3.368E-04  2.784E-04  0.000E+00  0.000E+00  0.000E+00  0.000E+00  7.076E+04  2.127E+05  4.224E+05  0.000E+00  0.000E+00  0.000E+00  0.000E+00
 11  4  8  1  5  3.117E-07  1.869E-06  5.359E-06  3.042E-03  4.918E-03  5.673E-04  0.000E+00  3.411E+02  2.826E+03  1.431E+04  2.867E+05  5.574E+05  1.215E+06  0.000E+00
 11  4  8  2  3  1.173E-08  1.227E-06  3.850E-06  2.364E-03  4.070E-03  6.462E-04  0.000E+00  1.570E+02  2.684E+03  1.928E+04  2.796E+05  5.474E+05  1.009E+06  0.000E+00
 11  4  8  3  1  2.649E-07  1.065E-06  3.788E-06  2.044E-03  3.977E-03  3.261E-04  0.000E+00  1.619E+03  2.407E+03  2.008E+04  2.796E+05  5.616E+05  1.365E+06  0.000E+00
 11  4  8  4  5  4.264E-07  3.354E-06  4.533E-04  1.796E-03  5.517E-05  0.000E+00  0.000E+00  1.226E+04  3.047E+04  2.728E+05  6.324E+05  1.908E+06  0.000E+00  0.000E+00
 11  4  8  5  1  2.386E-07  1.187E-06  5.377E-04  1.059E-03  3.543E-04  0.000E+00  0.000E+00  2.223E+04  4.935E+04  2.378E+05  5.947E+05  8.147E+05  0.000E+00  0.000E+00
 12  5  8  1  5  2.574E-06  2.001E-06  1.829E-05  2.362E-05  6.413E-03  4.118E-03  7.224E-03  1.129E+02  1.585E+03  1.193E+04  4.151E+04  3.684E+05  6.925E+05  1.150E+06
 12  5  8  2  3  2.850E-06  2.917E-07  1.612E-05  1.997E-05  2.501E-04  6.771E-03  8.261E-03  1.287E+02  2.256E+03  1.202E+04  4.324E+04  2.049E+05  4.149E+05  1.076E+06
 12  5  8  3  1  7.481E-08  1.521E-06  1.593E-05  1.880E-05  4.819E-03  8.307E-03  1.017E-03  1.065E+03  5.810E+03  1.319E+04  4.670E+04  3.680E+05  9.242E+05  1.710E+06
 12  5  8  4  5  2.442E-06  1.295E-05  1.162E-03  5.719E-03 -1.163E-04  0.000E+00  0.000E+00  1.169E+04  5.761E+04  3.387E+05  9.840E+05  1.787E+06  0.000E+00  0.000E+00
 12  5  8  5  1  3.633E-10  1.162E-07  9.813E-08  3.818E-05  9.841E-04  3.082E-03  1.883E-03  1.782E+03  6.334E+03  1.069E+04  8.128E+04  2.979E+05  8.315E+05  1.102E+06
 13  6  8  1  5  1.096E-06  7.112E-06  1.379E-05  7.521E-05  4.704E-04  1.179E-02  2.374E-02  1.543E+03  4.115E+03  1.890E+04  7.137E+04  2.873E+05  5.406E+05  1.418E+06
 13  6  8  2  3  1.049E-07  3.721E-07  1.199E-05  7.681E-05  7.835E-03  1.473E-02  9.209E-03  8.689E+02  4.144E+03  1.892E+04  7.268E+04  4.766E+05  1.146E+06  1.653E+06
 13  6  8  3  1  1.267E-07  2.110E-06  1.259E-05  7.778E-05  7.951E-03  2.164E-02  1.456E-04  3.918E+03  8.913E+03  2.280E+04  7.450E+04  5.014E+05  1.359E+06  9.709E+06
 13  6  8  4  5  9.290E-07  4.166E-05  4.712E-04  1.269E-02  4.681E-03  0.000E+00  0.000E+00  2.541E+04  6.658E+04  2.614E+05  9.852E+05  1.964E+06  0.000E+00  0.000E+00
 13  6  8  5  1  2.910E-06  1.807E-05  7.130E-04  1.129E-02  3.829E-03  0.000E+00  0.000E+00  4.567E+04  8.484E+04  2.756E+05  9.811E+05  1.915E+06  0.000E+00  0.000E+00
 14  7  8  1  5  2.086E-06  9.423E-06  3.423E-05  3.950E-04  1.535E-02  4.986E-02  4.067E-04  3.708E+02  3.870E+03  2.226E+04  1.318E+05  5.285E+05  1.742E+06  8.392E+06
 14  7  8  2  3  2.279E-06  8.829E-06  8.313E-05  7.186E-03  1.531E-02  3.739E-02  0.000E+00  2.286E+03  9.704E+03  5.461E+04  3.875E+05  1.032E+06  1.863E+06  0.000E+00
 14  7  8  3  1  3.436E-06  6.703E-06  7.432E-05  5.955E-03  1.385E-02  3.637E-02  0.000E+00  1.313E+03  7.800E+03  5.024E+04  3.806E+05  1.027E+06  1.844E+06  0.000E+00
 14  7  8  4  5  5.266E-05  2.585E-05  1.624E-05  3.944E-03  3.548E-02  1.443E-04  0.000E+00  7.381E+01  5.473E+03  3.279E+04  5.151E+05  1.624E+06  7.859E+07  0.000E+00
 14  7  8  5  1  1.965E-08  3.316E-06  2.043E-05  2.073E-03  4.304E-03  3.103E-02  0.000E+00  5.775E+03  1.828E+04  7.888E+04  3.365E+05  1.001E+06  1.604E+06  0.000E+00
 16  9  8  1  5  2.924E-05  3.366E-04  2.104E-04  1.910E-02 -4.017E-04  6.541E-02  9.546E-02  7.192E+02  7.490E+03  4.510E+04  5.586E+05  3.830E+05  1.976E+06  2.894E+06
 16  9  8  2  3  8.565E-05  1.493E-04  1.889E-04  1.616E-02  3.981E-02  1.139E-01  0.000E+00  6.225E+02  8.845E+03  9.066E+04  5.564E+05  1.903E+06  2.705E+06  0.000E+00
 16  9  8  3  1  1.714E-04  2.439E-05  1.647E-04  1.407E-02  1.230E-01  2.181E-02  0.000E+00  2.911E+03  1.178E+04  9.431E+04  5.627E+05  2.291E+06  3.665E+06  0.000E+00
 16  9  8  4  5  1.597E-05  1.011E-05  1.179E-04  1.025E-03  1.411E-02  1.198E-01  0.000E+00  9.223E+03  2.149E+04  5.603E+04  2.245E+05  9.898E+05  2.495E+06  0.000E+00
 16  9  8  5  1  5.534E-08  8.651E-06  2.332E-04  1.460E-03  1.021E-02  1.087E-01  0.000E+00  1.193E+04  2.251E+04  5.931E+04  2.915E+05  9.423E+05  2.379E+06  0.000E+00
 17 10  8  1  5  2.257E-05  6.796E-05  2.448E-04  3.062E-03  2.900E-02  2.278E-01  2.475E-03  1.599E+03  8.030E+03  5.065E+04  2.973E+05  8.159E+05  2.999E+06  6.580E+06
 17 10  8  2  3  1.124E-05  2.217E-05  1.611E-04  5.358E-03  2.898E-02  2.174E-01  9.970E+01  1.251E+03  1.214E+04  5.529E+04  3.434E+05  1.023E+06  3.055E+06  9.340E+09
 17 10  8  3  1  4.993E-06  3.366E-05  1.846E-04  4.487E-03  1.885E-02  9.960E-02  1.137E-01  5.616E+03  1.453E+04  4.944E+04  3.451E+05  9.157E+05  2.532E+06  3.384E+06
 17 10  8  4  5  5.503E-07  2.283E-05  5.465E-04  2.030E-03  2.207E-02  1.868E-01  0.000E+00  3.753E+03  1.447E+04  5.659E+04  3.660E+05  1.280E+06  2.974E+06  0.000E+00
 17 10  8  5  1  3.270E-06  1.111E-06  1.708E-04  3.550E-03  2.192E-02  1.741E-01  0.000E+00  6.927E+03  1.098E+04  1.696E+05  4.207E+05  1.430E+06  2.890E+06  0.000E+00
 18 11  8  1  5  1.299E-05  2.298E-04  1.023E-03  9.294E-03  3.957E-02  3.174E-01  3.450E-03  1.535E+03  1.464E+04  6.005E+04  4.186E+05  1.213E+06  3.562E+06  5.367E+06
 18 11  8  2  3  4.713E-05  1.021E-04  6.843E-04  8.423E-03  3.796E-02  3.143E-01  0.000E+00  2.409E+03  1.075E+04  6.992E+04  4.201E+05  1.291E+06  3.541E+06  0.000E+00
 18 11  8  3  1  1.049E-05  2.646E-04  6.066E-04  8.442E-03  3.756E-02  2.922E-01  0.000E+00  1.440E+03  1.397E+04  7.107E+04  4.531E+05  1.396E+06  3.563E+06  0.000E+00
 18 11  8  4  5  1.046E-06  2.141E-05  5.635E-05  3.854E-03  3.008E-02  2.799E-01  0.000E+00  4.471E+03  1.766E+04  5.996E+04  4.402E+05  1.509E+06  3.476E+06  0.000E+00
 18 11  8  5  1  3.442E-06  1.069E-05  3.485E-04  4.708E-03  4.092E-02  2.425E-01  0.000E+00  5.335E+04  7.373E+04  1.447E+05  4.431E+05  1.794E+06  3.413E+06  0.000E+00
 20 13  8  1  5  3.172E-04  7.229E-04  5.650E-04  2.096E-02  9.479E-02  5.528E-01  1.308E-03  3.452E+03  1.226E+04  9.166E+04  6.084E+05  2.203E+06  4.865E+06  2.751E+08
 20 13  8  2  3  2.108E-05  5.606E-05  4.603E-04  1.782E-02  7.796E-02  5.748E-01  0.000E+00  2.064E+03  1.874E+04  1.082E+05  5.841E+05  2.096E+06  4.730E+06  0.000E+00
 20 13  8  3  1  1.714E-05  6.782E-05  3.568E-04  1.518E-02  6.393E-02  5.538E-01  0.000E+00  5.940E+03  2.232E+04  1.043E+05  5.946E+05  2.028E+06  4.677E+06  0.000E+00
 20 13  8  4  5  1.077E-05  3.178E-05  9.995E-04  8.056E-03  7.341E-02  5.285E-01  0.000E+00  1.335E+04  3.305E+04  1.284E+05  5.581E+05  2.209E+06  4.648E+06  0.000E+00
 20 13  8  5  1  8.360E-06  3.817E-04  7.108E-04  8.819E-03  5.196E-02  5.160E-01  0.000E+00  1.432E+03  3.225E+04  7.742E+04  5.411E+05  2.102E+06  4.386E+06  0.000E+00
 26 19  8  1  5  2.033E-04  1.159E-03  5.567E-03  5.482E-02  3.370E-01  1.518E+00  0.000E+00  3.502E+03  3.557E+04  2.177E+05  1.078E+06  4.515E+06  9.050E+06  0.000E+00
 26 19  8  2  3  5.677E-05  1.310E-04  1.700E-03  1.448E-02  2.060E-01  4.435E-01  0.000E+00  6.310E+03  3.783E+04  2.431E+05  1.086E+06  5.211E+06  9.553E+06  0.000E+00
 26 19  8  3  1  1.522E-04  1.353E-03  1.702E-02  1.424E-01  1.610E+00  4.414E+00  0.000E+00  9.446E+03  5.098E+04  2.214E+05  1.035E+06  5.041E+06  9.392E+06  0.000E+00
 26 19  8  4  5  9.763E-05  9.911E-04  5.079E-03  3.135E-02  4.050E-01  1.484E+00  0.000E+00  2.235E+04  5.641E+04  1.883E+05  1.058E+06  4.689E+06  9.019E+06  0.000E+00
 26 19  8  5  1  6.111E-06  8.269E-05  5.297E-03  2.884E-02  3.562E-01  1.492E+00  0.000E+00  1.336E+04  6.320E+04  2.949E+05  9.778E+05  4.519E+06  8.680E+06  0.000E+00
 28 21  8  1  5  2.734E-04  1.839E-03  1.211E-02  6.867E-02  4.983E-01  1.834E+00  0.000E+00  8.502E+03  5.098E+04  2.427E+05  1.291E+06  5.474E+06  1.089E+07  0.000E+00
 28 21  8  2  3  1.004E-04  5.833E-04  2.903E-03  2.558E-02  7.347E-01  1.721E+00  0.000E+00  1.006E+04  5.477E+04  2.262E+05  1.408E+06  5.984E+06  1.122E+07  0.000E+00
 28 21  8  3  1  2.352E-03  7.845E-03  2.579E-02  1.632E-01  7.692E-01  1.799E+00  0.000E+00  7.544E+03  3.734E+04  2.517E+05  1.162E+06  6.016E+06  1.115E+07  0.000E+00
 28 21  8  4  5  3.483E-03  4.921E-04  4.785E-03  4.186E-02  7.027E-01  1.692E+00  0.000E+00  3.926E+03  2.575E+04  3.242E+05  1.251E+06  5.870E+06  1.108E+07  0.000E+00
 28 21  8  5  1  7.863E-05  9.502E-04  8.515E-03  3.938E-02  8.187E-01  1.585E+00  0.000E+00  1.276E+04  5.786E+04  2.641E+05  1.128E+06  6.059E+06  1.111E+07  0.000E+00
 10  2  9  1  4  4.152E-09  4.656E-09  1.310E-08  1.417E-09  7.968E-04  1.271E-05  0.000E+00  2.689E+01  2.021E+02  7.200E+02  4.892E+04  3.144E+05  6.738E+05  0.000E+00
 10  2  9  2  2  1.802E-05  7.358E-04  1.850E-05  0.000E+00  0.000E+00  0.000E+00  0.000E+00  2.643E+05  3.135E+05  5.055E+05  0.000E+00  0.000E+00  0.000E+00  0.000E+00
 11  3  9  1  4  2.756E-08  8.094E-08  8.456E-08  1.712E-03  8.783E-04  4.129E-06  0.000E+00  2.134E+01  4.550E+02  1.602E+03  3.632E+05  5.690E+05  2.171E+06  0.000E+00
 11  3  9  2  2  7.744E-06  1.884E-03  6.154E-04  0.000E+00  0.000E+00  0.000E+00  0.000E+00  2.231E+05  3.710E+05  5.918E+05  0.000E+00  0.000E+00  0.000E+00  0.000E+00
 12  4  9  1  4  9.400E-08  3.818E-07  2.064E-07  2.710E-05  3.802E-03  3.086E-03  0.000E+00  2.660E+02  1.141E+03  3.210E+03  1.727E+05  4.523E+05  9.105E+05  0.000E+00
 12  4  9  2  2  4.526E-06  2.149E-03  4.307E-03  0.000E+00  0.000E+00  0.000E+00  0.000E+00  1.357E+05  3.849E+05  7.348E+05  0.000E+00  0.000E+00  0.000E+00  0.000E+00
 13  5  9  1  4  3.238E-07  1.152E-06  2.336E-06  6.909E-06  1.925E-03  5.081E-03  9.317E-03  2.488E+02  1.793E+03  9.919E+03  4.367E+04  4.012E+05  6.513E+05  1.261E+06
 13  5  9  2  2  7.013E-06  4.038E-03  1.087E-02  0.000E+00  0.000E+00  0.000E+00  0.000E+00  2.159E+04  4.407E+05  1.101E+06  0.000E+00  0.000E+00  0.000E+00  0.000E+00
 14  6  9  1  4  7.163E-07  2.656E-06  1.119E-06  4.796E-05  4.052E-03  6.101E-03  2.366E-02  5.625E+02  2.952E+03  9.682E+03  1.473E+05  5.064E+05  8.047E+05  1.623E+06
 14  6  9  2  2  2.739E-05  4.403E-05  8.322E-03  2.314E-02  0.000E+00  0.000E+00  0.000E+00  1.188E+05  2.266E+05  5.746E+05  1.576E+06  0.000E+00  0.000E+00  0.000E+00
 16  8  9  1  4  2.585E-06  9.517E-06  5.194E-06  3.715E-04  1.553E-02  1.013E-01  0.000E+00  1.277E+03  5.978E+03  2.097E+04  2.292E+05  7.974E+05  2.376E+06  0.000E+00
 16  8  9  2  2  7.248E-06  8.873E-05  8.674E-03  8.387E-02  1.744E-02  0.000E+00  0.000E+00  7.047E+04  1.487E+05  5.894E+05  1.975E+06  3.849E+06  0.000E+00  0.000E+00
 17  9  9  1  4  4.411E-06  1.673E-05  4.946E-05  7.314E-04  7.624E-03  2.206E-02  1.559E-01  7.915E+02  7.093E+03  4.185E+04  2.508E+05  7.203E+05  1.364E+06  2.906E+06
 17  9  9  2  2  3.201E-05  2.045E-05  2.011E-04  1.293E-02  2.697E-02  1.372E-01  0.000E+00  3.064E+04  3.919E+04  1.430E+05  6.943E+05  1.878E+06  2.874E+06  0.000E+00
 18 10  9  1  4  6.816E-06  3.234E-05  2.038E-04  2.187E-03  3.042E-02  2.542E-01  0.000E+00  2.083E+03  1.096E+04  4.999E+04  4.238E+05  1.218E+06  3.344E+06  0.000E+00
 18 10  9  2  2  5.738E-05  3.521E-05  1.481E-04  5.309E-03  3.300E-02  2.353E-01  1.723E-03  9.049E+03  2.050E+04  4.866E+04  5.546E+05  1.374E+06  3.332E+06  8.257E+08
 20 12  9  1  4  1.420E-05  5.390E-05  9.249E-05  5.689E-03  5.330E-02  4.953E-01  1.608E-03  4.047E+03  1.614E+04  7.385E+04  5.331E+05  1.746E+06  4.406E+06  9.285E+07
 20 12  9  2  2  1.096E-05  1.301E-05  4.051E-04  9.241E-03  5.058E-02  4.791E-01  1.431E-03  8.120E+04  9.837E+04  1.687E+05  6.486E+05  1.798E+06  4.320E+06  6.500E+07
 26 18  9  1  4  8.207E-05  2.766E-04  1.897E-03  2.842E-02  4.022E-01  1.434E+00  0.000E+00  6.365E+03  3.842E+04  2.002E+05  1.150E+06  4.736E+06  8.891E+06  0.000E+00
 26 18  9  2  2  2.513E-04  7.675E-04  1.486E-03  3.336E-02  4.719E-01  1.435E+00  0.000E+00  3.647E+04  8.086E+04  1.777E+05  1.100E+06  4.756E+06  8.838E+06  0.000E+00
 28 20  9  1  4  1.505E-04  1.332E-03  4.083E-03  3.905E-02  3.896E-01  1.942E+00  0.000E+00  4.752E+03  5.608E+04  1.810E+05  1.397E+06  5.038E+06  1.021E+07  0.000E+00
 28 20  9  2  2  4.336E-05  1.421E-03  3.150E-03  4.490E-02  5.951E-01  1.872E+00  0.000E+00  2.709E+05  3.282E+05  5.191E+05  1.397E+06  5.474E+06  1.038E+07  0.000E+00
 11  2 10  1  1  2.673E-06  1.918E-04  1.491E-05  0.000E+00  0.000E+00  0.000E+00  0.000E+00  3.027E+05  3.732E+05  4.787E+05  0.000E+00  0.000E+00  0.000E+00  0.000E+00
 12  3 10  1  1  6.269E-06  9.181E-04  3.082E-04  0.000E+00  0.000E+00  0.000E+00  0.000E+00  4.104E+05  5.766E+05  7.310E+05  0.000E+00  0.000E+00  0.000E+00  0.000E+00
 13  4 10  1  1  2.468E-05  2.913E-03  7.028E-04  0.000E+00  0.000E+00  0.000E+00  0.000E+00  5.375E+05  8.436E+05  1.220E+06  0.000E+00  0.000E+00  0.000E+00  0.000E+00
 14  5 10  1  1  1.422E-04  9.474E-03  1.650E-03  0.000E+00  0.000E+00  0.000E+00  0.000E+00  7.685E+05  1.208E+06  1.839E+06  0.000E+00  0.000E+00  0.000E+00  0.000E+00
 16  7 10  1  1  3.931E-05  4.431E-03  5.156E-02  0.000E+00  0.000E+00  0.000E+00  0.000E+00  9.455E+05  1.365E+06  2.169E+06  0.000E+00  0.000E+00  0.000E+00  0.000E+00
 17  8 10  1  1  1.698E-04  5.325E-02  5.717E-02 -5.152E-03  0.000E+00  0.000E+00  0.000E+00  1.146E+06  2.055E+06  3.348E+06  7.186E+06  0.000E+00  0.000E+00  0.000E+00
 18  9 10  1  1  4.331E-04  9.003E-02  8.756E-02 -1.061E-02  0.000E+00  0.000E+00  0.000E+00  1.351E+06  2.428E+06  4.147E+06  8.446E+06  0.000E+00  0.000E+00  0.000E+00
 20 11 10  1  1  2.582E-03  2.139E-01  1.622E-01 -1.290E-02  0.000E+00  0.000E+00  0.000E+00  1.843E+06  3.280E+06  5.733E+06  1.592E+07  0.000E+00  0.000E+00  0.000E+00
 26 17 10  1  1  6.342E-04  8.350E-02  1.045E+00  3.663E-01 -3.955E-02  0.000E+00  0.000E+00  2.770E+06  3.978E+06  7.052E+06  1.300E+07  3.579E+07  0.000E+00  0.000E+00
 28 19 10  1  1  8.974E-04  1.503E-01  1.430E+00  4.124E-01 -4.913E-02  0.000E+00  0.000E+00  3.226E+06  4.706E+06  8.532E+06  1.628E+07  5.007E+07  0.000E+00  0.000E+00
 12  2 11  1  2  3.871E-08  4.732E-07  1.599E-03  2.628E-05  0.000E+00  0.000E+00  0.000E+00  8.415E+03  1.682E+04  5.000E+04  2.759E+05  0.000E+00  0.000E+00  0.000E+00
 13  3 11  1  2  1.629E-06  3.584E-06  1.244E-05  4.155E-03  2.904E-04  0.000E+00  0.000E+00  3.809E+03  5.120E+03  2.166E+04  7.635E+04  8.477E+05  0.000E+00  0.000E+00
 14  4 11  1  2  3.819E-06  2.421E-05  2.283E-04  8.604E-03  2.617E-03  0.000E+00  0.000E+00  3.802E+03  1.280E+04  5.953E+04  1.026E+05  1.154E+06  0.000E+00  0.000E+00
 16  6 11  1  2  2.816E-06  3.172E-05  1.832E-04  4.360E-03  1.618E-02  7.707E-03  0.000E+00  7.590E+03  1.558E+04  4.013E+04  1.156E+05  1.601E+05  1.839E+06  0.000E+00
 17  7 11  1  2  2.041E-05  2.386E-04  8.413E-04  2.724E-02  8.375E-03  1.595E-02  0.000E+00  1.279E+04  2.238E+04  6.587E+04  1.786E+05  1.782E+06  2.767E+06  0.000E+00
 18  8 11  1  2  1.016E-04  7.473E-04  3.394E-02  2.398E-03  2.530E-02  0.000E+00  0.000E+00  1.513E+04  4.784E+04  1.926E+05  6.904E+05  2.715E+06  0.000E+00  0.000E+00
 20 10 11  1  2  6.508E-05  8.795E-04  6.576E-03  4.780E-02  5.167E-02  1.859E-02  0.000E+00  3.711E+03  4.421E+04  1.189E+05  2.603E+05  3.099E+06  5.016E+06  0.000E+00
 26 16 11  1  2  7.676E-04  5.587E-03  1.152E-01  4.929E-02  7.274E-01  7.347E-03  0.000E+00  2.935E+04  8.158E+04  3.591E+05  1.735E+06  7.545E+06  4.634E+07  0.000E+00
 28 18 11  1  2  3.419E-04  4.806E-03  3.420E-02  1.305E-01  1.145E-01  9.603E-01  1.076E-02  1.531E+04  4.515E+04  1.905E+05  4.703E+05  3.115E+06  9.270E+06  3.490E+07
 13  2 12  1  1  4.495E-07  2.610E-06  3.816E-03  5.803E-04  0.000E+00  0.000E+00  0.000E+00  4.937E+03  1.395E+04  8.258E+04  1.103E+05  0.000E+00  0.000E+00  0.000E+00
 13  2 12  2  1  1.612E-08  7.011E-08  5.273E-07  1.583E-06  2.617E-04  1.427E-05  1.523E-06  3.654E+01  1.149E+02  1.212E+03  6.036E+03  3.146E+04  6.592E+04  9.955E+05
 13  2 12  3  3  2.839E-09  6.910E-09  3.767E-07  8.666E-07  2.406E-04  3.438E-05  1.362E-06  5.685E+01  1.317E+02  9.611E+02  3.562E+03  3.041E+04  5.198E+04  1.053E+06
 13  2 12  4  5  3.494E-07  1.298E-06  2.580E-04  1.317E-05  1.188E-06  0.000E+00  0.000E+00  8.809E+02  3.954E+03  3.109E+04  7.294E+04  7.648E+05  0.000E+00  0.000E+00
 14  3 12  1  1  2.930E-06  2.803E-06  9.023E-05  6.909E-03  2.582E-05  0.000E+00  0.000E+00  1.162E+02  5.721E+03  3.477E+04  1.176E+05  3.505E+06  0.000E+00  0.000E+00
 14  3 12  2  1  2.146E-07  2.062E-07  1.100E-06  1.661E-06  3.269E-05  4.764E-04  3.400E-05  1.251E+02  4.493E+02  2.314E+03  7.628E+03  2.158E+04  4.403E+04  1.219E+06
 14  3 12  3  3  4.150E-08  1.972E-07  1.060E-06  7.408E-06  3.081E-05  4.747E-04  3.460E-05  1.020E+02  6.232E+02  2.336E+03  1.179E+04  2.663E+04  4.352E+04  1.165E+06
 14  3 12  4  5  2.009E-07  4.157E-07  1.957E-06  3.237E-05  4.850E-04  3.356E-05  0.000E+00  9.131E+02  1.225E+03  5.108E+03  2.091E+04  4.328E+04  1.143E+06  0.000E+00
 16  5 12  1  1  9.571E-06  6.268E-05  3.807E-04  1.874E-02  5.526E-03  0.000E+00  0.000E+00  1.180E+03  6.443E+03  2.264E+04  1.530E+05  3.564E+05  0.000E+00  0.000E+00
 16  5 12  2  1  4.081E-05  5.052E-05  7.615E-05  1.384E-03  1.107E-04  6.456E-04  0.000E+00  1.996E+02  1.255E+03  1.377E+04  6.008E+04  2.187E+05  1.838E+06  0.000E+00
 16  5 12  3  3  1.749E-05  2.533E-05  7.240E-05  1.379E-03  1.796E-04  7.130E-04  0.000E+00  3.327E+02  1.199E+03  1.262E+04  5.853E+04  1.873E+05  1.757E+06  0.000E+00
 16  5 12  4  5  3.491E-06  1.986E-06  7.489E-05  1.376E-03  1.402E-04  7.116E-04  0.000E+00  1.749E+02  1.467E+03  1.135E+04  5.707E+04  1.614E+05  1.822E+06  0.000E+00
 17  6 12  1  1  1.298E-05  6.784E-05  2.295E-04  3.446E-03  3.153E-02  2.824E-03  0.000E+00  1.010E+03  3.305E+03  1.717E+04  8.541E+04  2.098E+05  2.381E+06  0.000E+00
 17  6 12  2  1  2.680E-05  1.004E-04  2.355E-04  1.737E-03  1.883E-04  2.566E-03  0.000E+00  6.344E+02  2.423E+03  2.132E+04  7.549E+04  2.886E+05  2.245E+06  0.000E+00
 17  6 12  3  3  6.858E-05  7.943E-05  2.441E-04  1.736E-03  1.985E-04  2.572E-03  0.000E+00  8.158E+02  2.111E+03  2.120E+04  7.495E+04  2.741E+05  2.237E+06  0.000E+00
 17  6 12  4  5  4.459E-06  2.606E-05  2.615E-04  1.699E-03  1.945E-04  2.652E-03  0.000E+00  2.078E+03  8.163E+03  2.284E+04  7.468E+04  3.020E+05  2.256E+06  0.000E+00
 18  7 12  1  1  5.219E-05  3.268E-04  1.514E-03  5.551E-03  4.596E-02  7.266E-03  0.000E+00  1.469E+03  5.106E+03  2.347E+04  1.104E+05  2.415E+05  2.713E+06  0.000E+00
 18  7 12  2  1  7.913E-05  6.410E-05  3.984E-04  1.888E-03  6.563E-04  7.032E-03  0.000E+00  6.546E+02  3.333E+03  2.557E+04  9.754E+04  3.808E+05  2.708E+06  0.000E+00
 18  7 12  3  3  4.997E-05  4.233E-05  4.209E-04  1.946E-03  7.709E-04  7.309E-03  0.000E+00  8.856E+02  3.701E+03  2.505E+04  9.645E+04  4.026E+05  2.712E+06  0.000E+00
 18  7 12  4  5  2.291E-06  5.738E-05  4.591E-04  1.896E-03  6.981E-04  7.507E-03  0.000E+00  1.637E+03  6.516E+03  2.762E+04  9.680E+04  3.939E+05  2.714E+06  0.000E+00
 20  9 12  1  1  1.697E-04  7.725E-04  5.140E-03  3.397E-02  4.806E-02  2.745E-02  0.000E+00  1.590E+03  7.651E+03  4.282E+04  2.047E+05  3.459E+05  3.715E+06  0.000E+00
 20  9 12  2  1  6.078E-04  4.894E-04  1.603E-03  3.822E-03  2.671E-03  2.576E-02  0.000E+00  4.159E+02  5.454E+03  4.127E+04  1.612E+05  7.133E+05  3.647E+06  0.000E+00
 20  9 12  3  3  1.495E-04  3.870E-04  1.665E-03  3.884E-03  3.834E-03  2.711E-02  0.000E+00  9.950E+02  6.609E+03  3.987E+04  1.584E+05  7.634E+05  3.680E+06  0.000E+00
 20  9 12  4  5  3.389E-05  3.680E-04  1.792E-03  3.762E-03  2.650E-03  2.698E-02  0.000E+00  1.394E+03  8.728E+03  4.119E+04  1.596E+05  7.115E+05  3.672E+06  0.000E+00
 26 15 12  1  1  5.636E-04  7.860E-03  5.063E-02  1.753E-01  1.209E-01  1.934E-01  0.000E+00  3.628E+03  2.489E+04  1.405E+05  5.133E+05  5.018E+06  8.689E+06  0.000E+00
 26 15 12  2  1  3.604E-03  2.991E-03  1.345E-02  2.404E-02  4.400E-02  2.140E-01  0.000E+00  3.255E+03  1.460E+04  1.397E+05  5.134E+05  2.259E+06  7.305E+06  0.000E+00
 26 15 12  3  3  1.913E-03  1.276E-03  1.465E-02  2.470E-02  5.540E-02  1.999E-01  0.000E+00  1.588E+03  1.882E+04  1.311E+05  4.994E+05  2.352E+06  7.327E+06  0.000E+00
 26 15 12  4  5  1.896E-04  1.317E-03  1.499E-02  2.387E-02  4.342E-02  2.136E-01  0.000E+00  2.296E+03  3.083E+04  1.308E+05  5.020E+05  2.358E+06  7.351E+06  0.000E+00
 28 17 12  1  1  1.245E-03  9.965E-03  7.187E-02  2.085E-01  1.244E-01  3.076E-01  0.000E+00  4.018E+03  3.701E+04  1.603E+05  6.190E+05  5.227E+06  1.031E+07  0.000E+00
 28 17 12  2  1  5.187E-03  1.101E-02  2.429E-02  4.271E-02  8.179E-02  2.921E-01  0.000E+00  4.041E+03  2.748E+04  1.461E+05  6.676E+05  2.812E+06  8.935E+06  0.000E+00
 28 17 12  3  3  3.265E-03  1.121E-02  2.516E-02  4.304E-02  9.432E-02  2.893E-01  0.000E+00  5.260E+03  2.733E+04  1.436E+05  6.454E+05  2.835E+06  8.985E+06  0.000E+00
 28 17 12  4  5  1.918E-03  9.023E-03  2.253E-02  3.936E-02  7.360E-02  3.117E-01  0.000E+00  4.300E+03  3.031E+04  1.462E+05  6.467E+05  2.846E+06  8.948E+06  0.000E+00
