% Fe II multiplet data for 78 transitions 
% refs Nussbaumer&Storey 1980, A.A. 89:308 
% Nussbaumer&Storey 1988,A.A.163:327 
% 
% Updated 2009 March 04 by D. Neufeld 
% Effective collision rates from: Bautista & Pradhan A&AS, 1996, 115, 551
% New radiative rates available from Quinet et al. 1996, A&AS, 120, 361
% for 39 transitions
%
% 16levels considered -> 78 Transitions
% 
% 
% format:
% title 
% r c
% stat weights for levels (1x16) 
% A6D9 A6D7 A6D5 A6D1 A6D3 A4F9 A4F7 A4F5 A4F3 A4D7 A4D5 A4D3 A4D1 A4P5 A4P3 A4P1 
% rows cols
% Transition energies (ergs) (16x16) 
% rows cols
% Radiative transition probabilities (16x16) 
% rows cols 
% collision strengths (16x16)(incomplete for higher terms) 
% #entries
% Transition identification 
%
Fe II Multiplet Data v1.0.0r
1 16 
10 8 6 4 2 10 8 6 4 8 6 4 2 6 4 2
16 16
0.000E+00 7.650E-14 1.327E-13 1.714E-13 1.941E-13 3.720E-13 4.830E-13 5.595E-13 6.197E-13 1.580E-12 1.670E-12 1.727E-12 1.760E-12 2.680E-12 2.720E-12 2.766E-12
7.650E-14 0.000E+00 5.620E-14 9.490E-14 1.176E-13 2.955E-13 4.060E-13 4.870E-13 5.432E-13 1.504E-12 1.594E-12 1.651E-12 1.684E-12 2.604E-12 2.643E-12 2.689E-12
1.327E-13 5.620E-14 0.000E+00 3.870E-14 6.140E-14 2.393E-13 3.500E-13 4.310E-13 4.870E-13 1.447E-12 1.537E-12 1.595E-12 1.628E-12 2.548E-12 2.587E-12 2.633E-12
1.714E-13 9.490E-14 3.870E-14 0.000E+00 2.270E-14 2.006E-13 3.116E-13 3.920E-13 4.480E-13 1.408E-12 1.498E-12 1.556E-12 1.589E-12 2.509E-12 2.548E-12 2.594E-12
1.941E-13 1.176E-13 6.140E-14 2.270E-14 0.000E+00 1.779E-13 2.889E-13 3.693E-13 4.250E-13 1.385E-12 1.475E-12 1.533E-12 1.566E-12 2.486E-12 2.525E-12 2.571E-12
3.720E-13 2.955E-13 2.393E-13 2.006E-13 1.779E-13 0.000E+00 1.110E-13 1.914E-13 2.471E-13 1.207E-12 1.297E-12 1.355E-12 1.388E-12 2.308E-12 2.347E-12 2.393E-12
4.830E-13 4.060E-13 3.500E-13 3.116E-13 2.889E-13 1.110E-13 0.000E+00 8.040E-14 1.361E-13 1.096E-12 1.186E-12 1.244E-12 1.277E-12 2.197E-12 2.236E-12 2.282E-12
5.595E-13 4.870E-13 4.310E-13 3.920E-13 3.693E-13 1.914E-13 8.040E-14 0.000E+00 5.550E-14 1.016E-12 1.106E-12 1.163E-12 1.196E-12 2.116E-12 2.156E-12 2.202E-12
6.197E-13 5.432E-13 4.870E-13 4.480E-13 4.250E-13 2.471E-13 1.361E-13 5.550E-14 0.000E+00 9.603E-13 1.050E-12 1.108E-12 1.141E-12 2.061E-12 2.100E-12 2.146E-12
1.580E-12 1.504E-12 1.447E-12 1.408E-12 1.385E-12 1.207E-12 1.096E-12 1.016E-12 9.603E-13 0.000E+00 9.000E-14 1.473E-13 1.803E-13 1.100E-12 1.140E-12 1.186E-12
1.670E-12 1.594E-12 1.537E-12 1.498E-12 1.475E-12 1.297E-12 1.186E-12 1.106E-12 1.050E-12 9.000E-14 0.000E+00 5.730E-14 9.030E-14 1.010E-12 1.050E-12 1.096E-12
1.727E-12 1.651E-12 1.595E-12 1.556E-12 1.533E-12 1.355E-12 1.244E-12 1.163E-12 1.108E-12 1.473E-13 5.730E-14 0.000E+00 3.300E-14 9.530E-13 9.925E-13 1.039E-12
1.760E-12 1.684E-12 1.628E-12 1.589E-12 1.566E-12 1.388E-12 1.277E-12 1.196E-12 1.141E-12 1.803E-13 9.030E-14 3.300E-14 0.000E+00 9.200E-13 9.595E-13 1.006E-12
2.680E-12 2.604E-12 2.548E-12 2.509E-12 2.486E-12 2.308E-12 2.197E-12 2.116E-12 2.061E-12 1.100E-12 1.010E-12 9.530E-13 9.200E-13 0.000E+00 3.950E-14 8.550E-14
2.720E-12 2.643E-12 2.587E-12 2.548E-12 2.525E-12 2.347E-12 2.236E-12 2.156E-12 2.100E-12 1.140E-12 1.050E-12 9.925E-13 9.595E-13 3.950E-14 0.000E+00 4.600E-14
2.766E-12 2.689E-12 2.633E-12 2.594E-12 2.571E-12 2.393E-12 2.282E-12 2.202E-12 2.146E-12 1.186E-12 1.096E-12 1.039E-12 1.006E-12 8.550E-14 4.600E-14 0.000E+00
16 16
0.00E+00 2.13E-03 0.00E+00 0.00E+00 0.00E+00 4.17E-05 8.89E-06 0.00E+00 0.00E+00 4.83E-03 2.67E-06 0.00E+00 0.00E+00 0.00E+00 0.00E+00 0.00E+00
0.00E+00 0.00E+00 1.57E-03 0.00E+00 0.00E+00 2.72E-06 3.71E-05 1.10E-05 0.00E+00 1.33E-03 3.19E-04 1.14E-06 0.00E+00 3.49E-03 3.86E-05 0.00E+00
0.00E+00 0.00E+00 0.00E+00 7.18E-04 0.00E+00 0.00E+00 5.80E-06 2.47E-05 6.14E-06 9.03E-04 1.94E-03 8.51E-05 0.00E+00 6.94E-05 3.24E-03 8.18E-05
0.00E+00 0.00E+00 0.00E+00 0.00E+00 1.88E-04 0.00E+00 0.00E+00 5.73E-06 1.09E-05 0.00E+00 1.21E-03 2.25E-03 6.48E-04 2.73E-04 1.73E-04 2.84E-03
0.00E+00 0.00E+00 0.00E+00 0.00E+00 0.00E+00 0.00E+00 0.00E+00 0.00E+00 2.71E-06 0.00E+00 0.00E+00 1.00E-03 2.91E-03 7.13E-07 4.94E-04 8.82E-04
0.00E+00 0.00E+00 0.00E+00 0.00E+00 0.00E+00 0.00E+00 5.84E-03 0.00E+00 0.00E+00 4.65E-03 2.44E-03 0.00E+00 0.00E+00 2.73E-02 0.00E+00 0.00E+00
0.00E+00 0.00E+00 0.00E+00 0.00E+00 0.00E+00 0.00E+00 0.00E+00 3.92E-03 0.00E+00 1.03E-03 1.94E-03 3.28E-03 0.00E+00 6.51E-03 1.74E-02 0.00E+00
0.00E+00 0.00E+00 0.00E+00 0.00E+00 0.00E+00 0.00E+00 0.00E+00 0.00E+00 1.41E-03 1.13E-04 1.43E-03 9.20E-04 3.73E-03 1.17E-03 9.95E-03 1.26E-02
0.00E+00 0.00E+00 0.00E+00 0.00E+00 0.00E+00 0.00E+00 0.00E+00 0.00E+00 0.00E+00 0.00E+00 2.32E-04 1.67E-03 1.11E-04 2.80E-03 1.63E-02 0.00E+00
0.00E+00 0.00E+00 0.00E+00 0.00E+00 0.00E+00 0.00E+00 0.00E+00 0.00E+00 0.00E+00 0.00E+00 2.57E-03 0.00E+00 0.00E+00 1.84E-03 1.92E-03 0.00E+00
0.00E+00 0.00E+00 0.00E+00 0.00E+00 0.00E+00 0.00E+00 0.00E+00 0.00E+00 0.00E+00 0.00E+00 0.00E+00 1.36E-03 0.00E+00 8.83E-04 3.56E-05 2.34E-03
0.00E+00 0.00E+00 0.00E+00 0.00E+00 0.00E+00 0.00E+00 0.00E+00 0.00E+00 0.00E+00 0.00E+00 0.00E+00 0.00E+00 3.72E-04 2.76E-04 5.79E-04 7.81E-04
0.00E+00 0.00E+00 0.00E+00 0.00E+00 0.00E+00 0.00E+00 0.00E+00 0.00E+00 0.00E+00 0.00E+00 0.00E+00 0.00E+00 0.00E+00 2.89E-05 5.12E-04 1.13E-04
0.00E+00 0.00E+00 0.00E+00 0.00E+00 0.00E+00 0.00E+00 0.00E+00 0.00E+00 0.00E+00 0.00E+00 0.00E+00 0.00E+00 0.00E+00 0.00E+00 1.91E-04 0.00E+00
0.00E+00 0.00E+00 0.00E+00 0.00E+00 0.00E+00 0.00E+00 0.00E+00 0.00E+00 0.00E+00 0.00E+00 0.00E+00 0.00E+00 0.00E+00 0.00E+00 0.00E+00 5.59E-04
0.00E+00 0.00E+00 0.00E+00 0.00E+00 0.00E+00 0.00E+00 0.00E+00 0.00E+00 0.00E+00 0.00E+00 0.00E+00 0.00E+00 0.00E+00 0.00E+00 0.00E+00 0.00E+00
16 16
0.000 5.521 1.491 0.675 0.284 3.595 1.507 0.497 0.137 10.980 0.560 0.191 0.061 0.948 0.502 0.033
5.521 0.000 5.442 1.197 0.419 1.633 1.484 1.026 0.446 2.479 6.540 0.355 0.123 0.681 0.228 0.287
1.491 5.442 0.000 4.319 0.726 0.637 1.113 0.958 0.737 0.503 2.847 3.583 0.196 0.385 0.268 0.245
0.675 1.197 4.319 0.000 2.640 0.211 0.608 0.765 0.714 0.147 0.626 2.445 1.534 0.171 0.297 0.132
0.284 0.419 0.726 2.640 0.000 0.058 0.223 0.447 0.424 0.054 0.118 0.554 1.649 0.053 0.197 0.048
3.595 1.633 0.637 0.211 0.058 0.000 8.365 2.227 0.701 2.106 0.725 0.148 0.021 1.232 0.411 0.140
1.507 1.484 1.113 0.608 0.223 8.365 0.000 7.386 2.069 0.891 0.851 0.556 0.147 0.688 0.554 0.199
0.497 1.026 0.958 0.765 0.447 2.227 7.386 0.000 5.627 0.293 0.686 0.500 0.367 0.378 0.449 0.260
0.137 0.446 0.737 0.714 0.424 0.701 2.069 5.627 0.000 0.065 0.315 0.518 0.327 0.197 0.281 0.248
10.980 2.479 0.503 0.147 0.054 2.106 0.891 0.293 0.065 0.000 2.230 0.818 0.369 1.008 0.469 0.076
0.560 6.540 2.847 0.626 0.118 0.725 0.851 0.686 0.315 2.230 0.000 1.752 0.378 0.587 0.290 0.288
0.191 0.355 3.583 2.445 0.554 0.148 0.556 0.500 0.518 0.818 1.752 0.000 1.015 0.256 0.318 0.203
0.061 0.123 0.196 1.534 1.649 0.021 0.147 0.367 0.327 0.369 0.378 1.015 0.000 0.077 0.226 0.086
0.948 0.681 0.385 0.171 0.053 1.232 0.688 0.378 0.197 1.008 0.587 0.256 0.077 0.000 1.280 0.484
0.502 0.228 0.268 0.297 0.197 0.411 0.554 0.449 0.281 0.469 0.290 0.318 0.226 1.280 0.000 0.629
0.033 0.287 0.245 0.132 0.048 0.140 0.199 0.260 0.248 0.076 0.288 0.203 0.086 0.484 0.629 0.000
78
014 7.5233E-01 A4P3-A6D7
024 7.5524E-01 A4P1-A6D5
013 7.6375E-01 A4P5-A6D7
033 7.6653E-01 A4P1-A6D3
023 7.6860E-01 A4P3-A6D5
039 7.7332E-01 A4P1-A6D1
032 7.8039E-01 A4P3-A6D3
022 7.8062E-01 A4P5-A6D5
038 7.8742E-01 A4P3-A6D1
031 7.9269E-01 A4P5-A6D3
037 7.9995E-01 A4P5-A6D1
043 8.6170E-01 A4P5-A4F9
049 8.8919E-01 A4P3-A4F7
057 9.0335E-01 A4P1-A4F5
048 9.0519E-01 A4P5-A4F7
056 9.2266E-01 A4P3-A4F5
055 9.3990E-01 A4P5-A4F5
062 9.4709E-01 A4P3-A4F3
061 9.6527E-01 A4P5-A4F3
005 1.1910E+00 A4D5-A6D9
012 1.2050E+00 A4D3-A6D7
021 1.2480E+00 A4D3-A6D5
011 1.2490E+00 A4D5-A6D7
030 1.2520E+00 A4D1-A6D3
004 1.2570E+00 A4D7-A6D9
036 1.2700E+00 A4D1-A6D1
029 1.2790E+00 A4D3-A6D3
020 1.2940E+00 A4D5-A6D5
035 1.2980E+00 A4D3-A6D1
010 1.3210E+00 A4D7-A6D7
028 1.3280E+00 A4D5-A6D3
019 1.3720E+00 A4D7-A6D5
042 1.5330E+00 A4D5-A4F9
047 1.5990E+00 A4D3-A4F7
041 1.6440E+00 A4D7-A4F9
054 1.6640E+00 A4D1-A4F5
046 1.6770E+00 A4D5-A4F7
053 1.7110E+00 A4D3-A4F5
060 1.7450E+00 A4D1-A4F3
066 1.7480E+00 A4P3-A4D7
059 1.7970E+00 A4D3-A4F3
052 1.8000E+00 A4D5-A4F5
045 1.8090E+00 A4D7-A4F7
070 1.8130E+00 A4P1-A4D5
065 1.8810E+00 A4P5-A4D7
069 1.8930E+00 A4P3-A4D5
058 1.8950E+00 A4D5-A4F3
074 1.9140E+00 A4P1-A4D3
051 1.9540E+00 A4D7-A4F5
068 1.9670E+00 A4P5-A4D5
077 1.9770E+00 A4P1-A4D1
073 2.0020E+00 A4P3-A4D3
076 2.0710E+00 A4P3-A4D1
072 2.0850E+00 A4P5-A4D3
075 2.1600E+00 A4P5-A4D1
009 4.0750E+00 A4F5-A6D7
018 4.0810E+00 A4F3-A6D5
003 4.1140E+00 A4F7-A6D9
027 4.4340E+00 A4F3-A6D3
017 4.6060E+00 A4F5-A6D5
034 4.6710E+00 A4F3-A6D1
008 4.8880E+00 A4F7-A6D7
026 5.0610E+00 A4F5-A6D3
002 5.3390E+00 A4F9-A6D9
016 5.6720E+00 A4F7-A6D5
007 6.7200E+00 A4F9-A6D7
040 1.7930E+01 A4F7-A4F9
064 2.2900E+01 A4D5-A4D7
044 2.4510E+01 A4F5-A4F7
001 2.5980E+01 A6D7-A6D9
067 3.4650E+01 A4D3-A4D5
006 3.5340E+01 A6D5-A6D7
050 3.5770E+01 A4F3-A4F5
079 4.3160E+01 A4P1-A4P3
078 5.0290E+01 A4P3-A4P5
015 5.1290E+01 A6D3-A6D5
071 6.0110E+01 A4D1-A4D3
025 8.7360E+01 A6D1-A6D3
