%
%
%   Hydrogenic nl -> n'l' and n -> n' collision strengths
%   Crossections convolved over Maxwellian
%   electron distribution.
%
%   Two part cubic fits, low and High T.
%
%   rate = co+t(c1+t(c2+t*c3)) for t/z^2 < 72000K
%   rate = do+t(d1+t(d2+t*d3)) for t/z^2 > 55000K
%
%   FORMAT:
%   Title
%   nentries
%   n l n' l' c0 c1 c2 c3 d0 d1 d2 d3
%           .
%           .
%           .
%
%   Ref: Giovanardi, Natta, and Palla 1987 AA Suppl 70, 269
%
%	Cascades:
%	Title1
%	Title2
%	nentries
%   line  series  Collisonal-Level  Rate Fraction
%	Title3
%	nentries
%
%
Hydrogen collisional coeffs. v1.0.0r 
 56
 01  00  02  00  2.297E-01  5.318E-06 -1.180E-10  8.636E-16  2.694E-01  7.883E-07 -1.394E-12  1.451E-18
 01  00  02  01  3.450E-01  1.297E-05  2.178E-12  7.928E-17  3.162E-01  1.472E-05 -8.275E-12 -8.794E-19
 01  00  03  00  6.250E-02 -1.299E-06  2.666E-11 -1.596E-16  3.370E-02  2.223E-07  2.794E-13  1.516E-19
 01  00  03  01  9.410E-02 -3.714E-07  6.134E-11 -3.973E-16  6.985E-02  2.538E-06 -8.729E-13 -1.291E-18
 01  00  03  02  5.030E-02  7.514E-07 -2.826E-13 -1.098E-17  5.051E-02  7.876E-07 -2.072E-12  1.902E-18
 01  00  04  00  1.909E-04  1.983E-07 -8.325E-13  1.128E-18  2.867E-03  1.222E-07 -2.323E-13  1.865E-19
 01  00  04  01  1.527E-03  1.001E-06 -2.192E-12  9.348E-18  1.958E-03  9.525E-07 -9.668E-13  4.807E-19
 01  00  04  02  1.339E-03  6.470E-07 -4.397E-12  1.736E-17  1.007E-02  3.508E-07 -8.024E-13  6.764E-19
 01  00  04  03  3.266E-03  3.908E-07 -8.778E-12  6.171E-17  9.103E-03 -6.105E-09 -6.191E-15  1.268E-20
 01  00  05  00  2.035E-03  6.076E-07 -2.175E-13 -2.495E-18  2.002E-02  6.325E-07 -7.070E-13  4.096E-19
 01  00  06  00  1.136E-03  3.428E-07 -1.467E-13 -1.300E-18  1.123E-02  3.549E-07 -3.998E-13  2.331E-19
 01  00  07  00  6.999E-03  2.126E-07 -9.963E-14 -7.672E-19  6.940E-03  2.194E-07 -2.483E-13  1.453E-19
 01  00  08  00  4.624E-03  1.410E-07 -9.690E-15 -4.927E-19  4.593E-03  1.453E-07 -1.648E-13  9.667E-20
 01  00  09  00  3.217E-03  9.836E-08 -5.031E-14 -3.361E-19  3.199E-03  1.012E-07 -1.150E-13  6.758E-20
 01  00  10  00  2.329E-03  7.135E-08 -3.737E-14 -2.400E-19  2.318E-03  7.334E-08 -8.349E-14  4.910E-20
 01  00  11  00  1.741E-03  5.342E-08 -2.845E-14 -1.775E-19  1.727E-03  5.493E-08 -6.270E-14  3.695E-20
 01  00  12  00  1.336E-03  4.103E-08 -2.213E-14 -1.351E-19  1.326E-03  4.218E-08 -4.821E-14  2.844E-20
 01  00  13  00  1.048E-03  3.220E-08 -1.754E-14 -1.053E-19  1.040E-03  3.310E-08 -3.786E-14  2.236E-20
 01  00  14  00  8.369E-04  2.574E-08 -1.413E-14 -8.368E-20  8.305E-04  2.645E-08 -3.028E-14  1.790E-20
 01  00  15  00  6.791E-04  2.090E-08 -1.154E-14 -6.763E-20  6.740E-04  2.147E-08 -2.460E-14  1.455E-20
 02  00  03  00  1.326E+00 -1.727E-05  8.914E-10 -6.101E-15  6.311E-01  2.881E-05 -5.372E-11  4.095E-17
 02  00  03  01  2.040E+00 -1.580E-05  1.908E-09 -1.027E-14 -1.334E+00  1.229E-04 -9.676E-11  2.842E-17
 02  00  03  02  6.342E-01  3.090E-04 -2.205E-09  8.592E-15  5.567E+00  1.494E-04 -3.692E-10  3.280E-16
 02  00  04  00  1.762E-02  8.683E-06 -4.800E-11  1.810E-16  1.210E-01  5.439E-06 -1.103E-11  9.116E-18
 02  00  04  01  6.398E-02  2.578E-05 -8.551E-11  6.504E-16 -2.905E-02  2.640E-05 -3.072E-11  1.769E-17
 02  00  04  02  1.125E-01  4.732E-05 -4.285E-10  1.971E-15  9.485E-01  1.785E-05 -4.590E-11  4.181E-17
 02  00  04  03  1.140E-01  5.154E-05 -4.757E-10  1.989E-15  1.191E+00  1.544E-05 -4.739E-11  4.605E-17
 02  00  05  00  3.647E-01  7.145E-05 -5.516E-10  2.257E-15  1.483E+00  3.251E-05 -7.279E-11  6.337E-17
 02  00  06  00  1.793E-01  3.599E-05 -2.848E-10  1.189E-15  7.466E-01  1.605E-05 -3.611E-11  3.149E-17
 02  00  07  00  1.027E-01  2.090E-05 -1.675E-10  7.056E-16  4.333E-01  9.222E-06 -2.081E-11  1.817E-17
 02  00  08  00  6.476E-02  1.330E-05 -1.073E-10  4.546E-16  2.755E-01  5.832E-06 -1.318E-11  1.151E-17
 02  00  09  00  4.366E-02  9.020E-06 -7.313E-11  3.108E-16  1.868E-01  3.940E-06 -8.916E-12  7.790E-18
 02  00  10  00  3.092E-02  6.415E-06 -5.217E-11  2.223E-16  1.328E-01  2.795E-06 -6.329E-12  5.531E-18
 02  00  11  00  4.162E-02  8.661E-06 -7.060E-11  3.013E-16  1.793E-01  3.766E-06 -8.534E-12  7.458E-18
 02  00  12  00  3.155E-02  6.580E-06 -5.373E-11  2.295E-16  1.362E-01  2.857E-06 -6.477E-12  5.661E-18
 02  00  13  00  2.450E-02  5.121E-06 -4.186E-11  1.790E-16  1.059E-01  2.221E-06 -5.036E-12  4.402E-18
 02  00  14  00  1.943E-02  4.066E-06 -3.327E-11  1.424E-16  8.411E-02  1.762E-06 -3.996E-12  3.490E-18
 02  00  15  00  1.567E-02  3.283E-06 -2.689E-11  1.151E-16  6.791E-02  1.422E-06 -3.225E-12  2.820E-18
 02  01  03  00  1.690E+00  4.563E-05 -6.605E-10  4.445E-15  2.325E+00  1.361E-05 -2.702E-11  2.397E-17
 02  01  03  01  4.923E+00  1.525E-04  4.370E-11 -3.914E-15  6.984E+00  1.260E-04 -3.014E-10  2.655E-16
 02  01  03  02  4.540E+00  7.943E-04  5.831E-09 -5.106E-14  2.922E+00  1.089E-03 -1.705E-09  1.237E-15
 02  01  04  00  5.237E-02  2.123E-05 -2.176E-10  1.027E-15  4.788E-01  5.979E-06 -1.667E-11  1.605E-17
 02  01  04  01  1.798E-01  8.300E-05 -6.927E-10  2.843E-15  1.738E+00  3.133E-05 -8.425E-11  7.825E-17
 02  01  04  02  1.591E-02  1.673E-04  9.135E-10 -1.037E-14  1.004E+00  1.889E-04 -3.433E-10  2.692E-16
 02  01  04  03  2.254E-01  1.365E-04 -7.926E-10  1.760E-15  2.785E+00  6.406E-05 -1.773E-10  1.638E-16
 02  01  05  00  1.094E+00  2.143E-04 -1.655E-09  6.771E-15  4.449E+00  9.754E-05 -2.184E-10  1.901E-16
 02  01  06  00  5.379E-01  1.080E-04 -8.544E-10  3.566E-15  2.240E+00  4.814E-05 -1.083E-10  9.448E-17
 02  01  07  00  3.080E-01  6.270E-05 -5.024E-10  2.117E-15  1.300E+00  2.767E-05 -6.243E-11  5.450E-17
 02  01  08  00  1.943E-01  3.989E-05 -3.220E-10  1.364E-15  8.266E-01  1.750E-05 -3.955E-11  3.454E-17
 02  01  09  00  1.310E-01  2.706E-05 -2.194E-10  9.325E-16  5.604E-01  1.182E-05 -2.675E-11  2.337E-17
 02  01  10  00  9.276E-02  1.925E-05 -1.565E-10  6.668E-16  3.984E-01  8.384E-06 -1.899E-11  1.659E-17
 02  01  11  00  4.935E-02  1.027E-05 -8.372E-11  3.572E-16  2.126E-01  4.466E-06 -1.012E-11  8.844E-18
 02  01  12  00  3.741E-02  7.803E-06 -6.371E-11  2.722E-16  1.615E-01  3.388E-06 -7.680E-12  6.712E-18
 02  01  13  00  2.906E-02  6.072E-06 -4.964E-11  2.123E-16  1.256E-01  2.634E-06 -5.972E-12  5.220E-18
 02  01  14  00  2.304E-02  4.821E-06 -3.945E-11  1.688E-16  9.973E-02  2.089E-06 -4.738E-12  4.142E-18
 02  01  15  00  1.858E-02  3.893E-06 -3.188E-11  1.365E-16  8.053E-02  1.686E-06 -3.825E-12  3.344E-18
 Collisional cascades for mappings 6 hydrogenic line series
 Case A Collisions               
 420
  1  1  2 1.000000
  1  1  3 0.441667
  1  1  4 0.410334
  1  1  5 0.398947
  1  1  6 0.393378
  1  1  7 0.390205
  1  1  8 0.388215
  1  1  9 0.386880
  1  1 10 0.385940
  1  1 11 0.385253
  1  1 12 0.384734
  1  1 13 0.384333
  1  1 14 0.384016
  1  1 15 0.383761
  2  1  3 0.558333
  2  1  4 0.166186
  2  1  5 0.145155
  2  1  6 0.137044
  2  1  7 0.132888
  2  1  8 0.130430
  2  1  9 0.128842
  2  1 10 0.127750
  2  1 11 0.126964
  2  1 12 0.126379
  2  1 13 0.125931
  2  1 14 0.125580
  2  1 15 0.125299
  3  1  4 0.423480
  3  1  5 0.098922
  3  1  6 0.082431
  3  1  7 0.075875
  3  1  8 0.072425
  3  1  9 0.070338
  3  1 10 0.068962
  3  1 11 0.068000
  3  1 12 0.067298
  3  1 13 0.066768
  3  1 14 0.066358
  3  1 15 0.066033
  4  1  5 0.356977
  4  1  6 0.070502
  4  1  7 0.056655
  4  1  8 0.051054
  4  1  9 0.048058
  4  1 10 0.046217
  4  1 11 0.044987
  4  1 12 0.044117
  4  1 13 0.043475
  4  1 14 0.042986
  4  1 15 0.042603
  5  1  6 0.316646
  5  1  7 0.055182
  5  1  8 0.043090
  5  1  9 0.038148
  5  1 10 0.035474
  5  1 11 0.033814
  5  1 12 0.032694
  5  1 13 0.031895
  5  1 14 0.031300
  5  1 15 0.030844
  6  1  7 0.289196
  6  1  8 0.045694
  6  1  9 0.034864
  6  1 10 0.030407
  6  1 11 0.027977
  6  1 12 0.026457
  6  1 13 0.025424
  6  1 14 0.024681
  6  1 15 0.024126
  7  1  8 0.269091
  7  1  9 0.039267
  7  1 10 0.029392
  7  1 11 0.025310
  7  1 12 0.023072
  7  1 13 0.021664
  7  1 14 0.020702
  7  1 15 0.020007
  8  1  9 0.253603
  8  1 10 0.034634
  8  1 11 0.025511
  8  1 12 0.021728
  8  1 13 0.019645
  8  1 14 0.018329
  8  1 15 0.017426
  9  1 10 0.241223
  9  1 11 0.031136
  9  1 12 0.022622
  9  1 13 0.019084
  9  1 14 0.017131
  9  1 15 0.015892
 10  1 11 0.231047
 10  1 12 0.028402
 10  1 13 0.020392
 10  1 14 0.017060
 10  1 15 0.015215
  1  2  3 0.441667
  1  2  4 0.131461
  1  2  5 0.114824
  1  2  6 0.108408
  1  2  7 0.105120
  1  2  8 0.103176
  1  2  9 0.101920
  1  2 10 0.101056
  1  2 11 0.100435
  1  2 12 0.099972
  1  2 13 0.099617
  1  2 14 0.099340
  1  2 15 0.099118
  2  2  4 0.278873
  2  2  5 0.065143
  2  2  6 0.054283
  2  2  7 0.049966
  2  2  8 0.047694
  2  2  9 0.046319
  2  2 10 0.045413
  2  2 11 0.044780
  2  2 12 0.044318
  2  2 13 0.043969
  2  2 14 0.043699
  2  2 15 0.043485
  3  2  5 0.218980
  3  2  6 0.043248
  3  2  7 0.034754
  3  2  8 0.031318
  3  2  9 0.029480
  3  2 10 0.028351
  3  2 11 0.027596
  3  2 12 0.027062
  3  2 13 0.026669
  3  2 14 0.026369
  3  2 15 0.026134
  4  2  6 0.187440
  4  2  7 0.032665
  4  2  8 0.025508
  4  2  9 0.022582
  4  2 10 0.020999
  4  2 11 0.020017
  4  2 12 0.019354
  4  2 13 0.018880
  4  2 14 0.018528
  4  2 15 0.018258
  5  2  7 0.167701
  5  2  8 0.026497
  5  2  9 0.020217
  5  2 10 0.017633
  5  2 11 0.016223
  5  2 12 0.015342
  5  2 13 0.014743
  5  2 14 0.014312
  5  2 15 0.013990
  6  2  8 0.154022
  6  2  9 0.022476
  6  2 10 0.016824
  6  2 11 0.014487
  6  2 12 0.013206
  6  2 13 0.012400
  6  2 14 0.011849
  6  2 15 0.011452
  7  2  9 0.143886
  7  2 10 0.019650
  7  2 11 0.014474
  7  2 12 0.012328
  7  2 13 0.011146
  7  2 14 0.010400
  7  2 15 0.009887
  8  2 10 0.136015
  8  2 11 0.017556
  8  2 12 0.012756
  8  2 13 0.010761
  8  2 14 0.009659
  8  2 15 0.008961
  9  2 11 0.129684
  9  2 12 0.015942
  9  2 13 0.011446
  9  2 14 0.009575
  9  2 15 0.008540
 10  2 12 0.124455
 10  2 13 0.014657
 10  2 14 0.010416
 10  2 15 0.008649
  1  3  4 0.297647
  1  3  5 0.069528
  1  3  6 0.057937
  1  3  7 0.053329
  1  3  8 0.050905
  1  3  9 0.049438
  1  3 10 0.048471
  1  3 11 0.047795
  1  3 12 0.047301
  1  3 13 0.046929
  1  3 14 0.046640
  1  3 15 0.046412
  2  3  5 0.190451
  2  3  6 0.037613
  2  3  7 0.030226
  2  3  8 0.027238
  2  3  9 0.025639
  2  3 10 0.024657
  2  3 11 0.024001
  2  3 12 0.023537
  2  3 13 0.023194
  2  3 14 0.022933
  2  3 15 0.022729
  3  3  6 0.149901
  3  3  7 0.026123
  3  3  8 0.020399
  3  3  9 0.018059
  3  3 10 0.016794
  3  3 11 0.016008
  3  3 12 0.015478
  3  3 13 0.015099
  3  3 14 0.014818
  3  3 15 0.014602
  4  3  7 0.128330
  4  3  8 0.020277
  4  3  9 0.015471
  4  3 10 0.013493
  4  3 11 0.012415
  4  3 12 0.011740
  4  3 13 0.011282
  4  3 14 0.010952
  4  3 15 0.010706
  5  3  8 0.114788
  5  3  9 0.016751
  5  3 10 0.012538
  5  3 11 0.010797
  5  3 12 0.009842
  5  3 13 0.009241
  5  3 14 0.008831
  5  3 15 0.008535
  6  3  9 0.105404
  6  3 10 0.014395
  6  3 11 0.010603
  6  3 12 0.009031
  6  3 13 0.008165
  6  3 14 0.007618
  6  3 15 0.007243
  7  3 10 0.098458
  7  3 11 0.012709
  7  3 12 0.009233
  7  3 13 0.007789
  7  3 14 0.006992
  7  3 15 0.006487
  8  3 11 0.093072
  8  3 12 0.011441
  8  3 13 0.008215
  8  3 14 0.006872
  8  3 15 0.006129
  9  3 12 0.088748
  9  3 13 0.010452
  9  3 14 0.007427
  9  3 15 0.006167
 10  3 13 0.085182
 10  3 14 0.009658
 10  3 15 0.006801
  1  4  5 0.233592
  1  4  6 0.046134
  1  4  7 0.037073
  1  4  8 0.033408
  1  4  9 0.031447
  1  4 10 0.030243
  1  4 11 0.029438
  1  4 12 0.028868
  1  4 13 0.028448
  1  4 14 0.028128
  1  4 15 0.027878
  2  4  6 0.148517
  2  4  7 0.025882
  2  4  8 0.020211
  2  4  9 0.017893
  2  4 10 0.016639
  2  4 11 0.015860
  2  4 12 0.015335
  2  4 13 0.014960
  2  4 14 0.014681
  2  4 15 0.014467
  3  4  7 0.116215
  3  4  8 0.018362
  3  4  9 0.014010
  3  4 10 0.012219
  3  4 11 0.011243
  3  4 12 0.010632
  3  4 13 0.010217
  3  4 14 0.009918
  3  4 15 0.009695
  4  4  8 0.099043
  4  4  9 0.014453
  4  4 10 0.010818
  4  4 11 0.009316
  4  4 12 0.008492
  4  4 13 0.007974
  4  4 14 0.007620
  4  4 15 0.007364
  5  4  9 0.088292
  5  4 10 0.012058
  5  4 11 0.008882
  5  4 12 0.007565
  5  4 13 0.006840
  5  4 14 0.006381
  5  4 15 0.006067
  6  4 10 0.080869
  6  4 11 0.010438
  6  4 12 0.007584
  6  4 13 0.006398
  6  4 14 0.005743
  6  4 15 0.005328
  7  4 11 0.075398
  7  4 12 0.009269
  7  4 13 0.006655
  7  4 14 0.005567
  7  4 15 0.004965
  8  4 12 0.071173
  8  4 13 0.008382
  8  4 14 0.005956
  8  4 15 0.004946
  9  4 13 0.067793
  9  4 14 0.007686
  9  4 15 0.005412
 10  4 14 0.065016
 10  4 15 0.007125
  1  5  6 0.197496
  1  5  7 0.034417
  1  5  8 0.026876
  1  5  9 0.023794
  1  5 10 0.022126
  1  5 11 0.021090
  1  5 12 0.020392
  1  5 13 0.019893
  1  5 14 0.019522
  1  5 15 0.019238
  2  5  7 0.124289
  2  5  8 0.019638
  2  5  9 0.014984
  2  5 10 0.013068
  2  5 11 0.012024
  2  5 12 0.011371
  2  5 13 0.010927
  2  5 14 0.010607
  2  5 15 0.010369
  3  5  8 0.096504
  3  5  9 0.014083
  3  5 10 0.010541
  3  5 11 0.009077
  3  5 12 0.008274
  3  5 13 0.007769
  3  5 14 0.007424
  3  5 15 0.007175
  4  5  9 0.081764
  4  5 10 0.011166
  4  5 11 0.008225
  4  5 12 0.007005
  4  5 13 0.006334
  4  5 14 0.005910
  4  5 15 0.005618
  5  5 10 0.072566
  5  5 11 0.009367
  5  5 12 0.006805
  5  5 13 0.005741
  5  5 14 0.005153
  5  5 15 0.004781
  6  5 11 0.066239
  6  5 12 0.008143
  6  5 13 0.005846
  6  5 14 0.004891
  6  5 15 0.004362
  7  5 12 0.061594
  7  5 13 0.007254
  7  5 14 0.005155
  7  5 15 0.004280
  8  5 13 0.058021
  8  5 14 0.006578
  8  5 15 0.004632
  9  5 14 0.055174
  9  5 15 0.006046
 10  5 15 0.052843
  1  6  7 0.174269
  1  6  8 0.027535
  1  6  9 0.021009
  1  6 10 0.018323
  1  6 11 0.016859
  1  6 12 0.015943
  1  6 13 0.015320
  1  6 14 0.014873
  1  6 15 0.014538
  2  6  8 0.108549
  2  6  9 0.015840
  2  6 10 0.011857
  2  6 11 0.010210
  2  6 12 0.009307
  2  6 13 0.008739
  2  6 14 0.008351
  2  6 15 0.008071
  3  6  9 0.083627
  3  6 10 0.011421
  3  6 11 0.008412
  3  6 12 0.007165
  3  6 13 0.006478
  3  6 14 0.006044
  3  6 15 0.005746
  4  6 10 0.070431
  4  6 11 0.009091
  4  6 12 0.006605
  4  6 13 0.005572
  4  6 14 0.005002
  4  6 15 0.004640
  5  6 11 0.062217
  5  6 12 0.007648
  5  6 13 0.005491
  5  6 14 0.004594
  5  6 15 0.004097
  6  6 12 0.056584
  6  6 13 0.006664
  6  6 14 0.004735
  6  6 15 0.003932
  7  6 13 0.052462
  7  6 14 0.005948
  7  6 15 0.004188
  8  6 14 0.049302
  8  6 15 0.005403
  9  6 15 0.046793
 Case B Collisions                   
 420
  1  1  2 1.000000
  1  1  3 1.000000
  1  1  4 1.000000
  1  1  5 1.000000
  1  1  6 1.000000
  1  1  7 1.000000
  1  1  8 1.000000
  1  1  9 1.000000
  1  1 10 1.000000
  1  1 11 1.000000
  1  1 12 1.000000
  1  1 13 1.000000
  1  1 14 1.000000
  1  1 15 1.000000
  2  1  3 0.000000
  2  1  4 0.000000
  2  1  5 0.000000
  2  1  6 0.000000
  2  1  7 0.000000
  2  1  8 0.000000
  2  1  9 0.000000
  2  1 10 0.000000
  2  1 11 0.000000
  2  1 12 0.000000
  2  1 13 0.000000
  2  1 14 0.000000
  2  1 15 0.000000
  3  1  4 0.000000
  3  1  5 0.000000
  3  1  6 0.000000
  3  1  7 0.000000
  3  1  8 0.000000
  3  1  9 0.000000
  3  1 10 0.000000
  3  1 11 0.000000
  3  1 12 0.000000
  3  1 13 0.000000
  3  1 14 0.000000
  3  1 15 0.000000
  4  1  5 0.000000
  4  1  6 0.000000
  4  1  7 0.000000
  4  1  8 0.000000
  4  1  9 0.000000
  4  1 10 0.000000
  4  1 11 0.000000
  4  1 12 0.000000
  4  1 13 0.000000
  4  1 14 0.000000
  4  1 15 0.000000
  5  1  6 0.000000
  5  1  7 0.000000
  5  1  8 0.000000
  5  1  9 0.000000
  5  1 10 0.000000
  5  1 11 0.000000
  5  1 12 0.000000
  5  1 13 0.000000
  5  1 14 0.000000
  5  1 15 0.000000
  6  1  7 0.000000
  6  1  8 0.000000
  6  1  9 0.000000
  6  1 10 0.000000
  6  1 11 0.000000
  6  1 12 0.000000
  6  1 13 0.000000
  6  1 14 0.000000
  6  1 15 0.000000
  7  1  8 0.000000
  7  1  9 0.000000
  7  1 10 0.000000
  7  1 11 0.000000
  7  1 12 0.000000
  7  1 13 0.000000
  7  1 14 0.000000
  7  1 15 0.000000
  8  1  9 0.000000
  8  1 10 0.000000
  8  1 11 0.000000
  8  1 12 0.000000
  8  1 13 0.000000
  8  1 14 0.000000
  8  1 15 0.000000
  9  1 10 0.000000
  9  1 11 0.000000
  9  1 12 0.000000
  9  1 13 0.000000
  9  1 14 0.000000
  9  1 15 0.000000
 10  1 11 0.000000
 10  1 12 0.000000
 10  1 13 0.000000
 10  1 14 0.000000
 10  1 15 0.000000
  1  2  3 1.000000
  1  2  4 0.516282
  1  2  5 0.483732
  1  2  6 0.471370
  1  2  7 0.465104
  1  2  8 0.461424
  1  2  9 0.459057
  1  2 10 0.457435
  1  2 11 0.456272
  1  2 12 0.455407
  1  2 13 0.454746
  1  2 14 0.454228
  1  2 15 0.453814
  2  2  4 0.483718
  2  2  5 0.175721
  2  2  6 0.155914
  2  2  7 0.148039
  2  2  8 0.143905
  2  2  9 0.141410
  2  2 10 0.139768
  2  2 11 0.138621
  2  2 12 0.137786
  2  2 13 0.137156
  2  2 14 0.136668
  2  2 15 0.136283
  3  2  5 0.340547
  3  2  6 0.098422
  3  2  7 0.083677
  3  2  8 0.077669
  3  2  9 0.074448
  3  2 10 0.072468
  3  2 11 0.071145
  3  2 12 0.070209
  3  2 13 0.069518
  3  2 14 0.068992
  3  2 15 0.068582
  4  2  6 0.274294
  4  2  7 0.067249
  4  2  8 0.055274
  4  2  9 0.050323
  4  2 10 0.047632
  4  2 11 0.045957
  4  2 12 0.044826
  4  2 13 0.044017
  4  2 14 0.043416
  4  2 15 0.042954
  5  2  7 0.235931
  5  2  8 0.051002
  5  2  9 0.040790
  5  2 10 0.036530
  5  2 11 0.034193
  5  2 12 0.032726
  5  2 13 0.031726
  5  2 14 0.031007
  5  2 15 0.030468
  6  2  8 0.210726
  6  2  9 0.041198
  6  2 10 0.032215
  6  2 11 0.028447
  6  2 12 0.026366
  6  2 13 0.025051
  6  2 14 0.024150
  6  2 15 0.023497
  7  2  9 0.192775
  7  2 10 0.034696
  7  2 11 0.026623
  7  2 12 0.023225
  7  2 13 0.021339
  7  2 14 0.020141
  7  2 15 0.019316
  8  2 10 0.179255
  8  2 11 0.030090
  8  2 12 0.022720
  8  2 13 0.019611
  8  2 14 0.017879
  8  2 15 0.016775
  9  2 11 0.168651
  9  2 12 0.026665
  9  2 13 0.019857
  9  2 14 0.016979
  9  2 15 0.015373
 10  2 12 0.160071
 10  2 13 0.024021
 10  2 14 0.017673
 10  2 15 0.014987
  1  3  4 0.516282
  1  3  5 0.187551
  1  3  6 0.166411
  1  3  7 0.158005
  1  3  8 0.153593
  1  3  9 0.150930
  1  3 10 0.149177
  1  3 11 0.147954
  1  3 12 0.147062
  1  3 13 0.146390
  1  3 14 0.145869
  1  3 15 0.145457
  2  3  5 0.296181
  2  3  6 0.085599
  2  3  7 0.072776
  2  3  8 0.067550
  2  3  9 0.064749
  2  3 10 0.063027
  2  3 11 0.061876
  2  3 12 0.061062
  2  3 13 0.060461
  2  3 14 0.060004
  2  3 15 0.059647
  3  3  6 0.219360
  3  3  7 0.053781
  3  3  8 0.044204
  3  3  9 0.040245
  3  3 10 0.038092
  3  3 11 0.036753
  3  3 12 0.035848
  3  3 13 0.035202
  3  3 14 0.034721
  3  3 15 0.034351
  4  3  7 0.180542
  4  3  8 0.039028
  4  3  9 0.031213
  4  3 10 0.027954
  4  3 11 0.026166
  4  3 12 0.025043
  4  3 13 0.024278
  4  3 14 0.023728
  4  3 15 0.023315
  5  3  8 0.157049
  5  3  9 0.030704
  5  3 10 0.024009
  5  3 11 0.021201
  5  3 12 0.019650
  5  3 13 0.018670
  5  3 14 0.017998
  5  3 15 0.017512
  6  3  9 0.141216
  6  3 10 0.025417
  6  3 11 0.019503
  6  3 12 0.017013
  6  3 13 0.015632
  6  3 14 0.014754
  6  3 15 0.014150
  7  3 10 0.129759
  7  3 11 0.021782
  7  3 12 0.016447
  7  3 13 0.014196
  7  3 14 0.012942
  7  3 15 0.012143
  8  3 11 0.121038
  8  3 12 0.019137
  8  3 13 0.014251
  8  3 14 0.012186
  8  3 15 0.011033
  9  3 12 0.114145
  9  3 13 0.017129
  9  3 14 0.012602
  9  3 15 0.010687
 10  3 13 0.108537
 10  3 14 0.015554
 10  3 15 0.011323
  1  4  5 0.363272
  1  4  6 0.104989
  1  4  7 0.089261
  1  4  8 0.082852
  1  4  9 0.079416
  1  4 10 0.077304
  1  4 11 0.075892
  1  4 12 0.074894
  1  4 13 0.074157
  1  4 14 0.073596
  1  4 15 0.073158
  2  4  6 0.217336
  2  4  7 0.053284
  2  4  8 0.043796
  2  4  9 0.039873
  2  4 10 0.037741
  2  4 11 0.036414
  2  4 12 0.035517
  2  4 13 0.034877
  2  4 14 0.034400
  2  4 15 0.034034
  3  4  7 0.163499
  3  4  8 0.035344
  3  4  9 0.028267
  3  4 10 0.025315
  3  4 11 0.023696
  3  4 12 0.022679
  3  4 13 0.021986
  3  4 14 0.021488
  3  4 15 0.021114
  4  4  8 0.135506
  4  4  9 0.026492
  4  4 10 0.020716
  4  4 11 0.018293
  4  4 12 0.016955
  4  4 13 0.016109
  4  4 14 0.015529
  4  4 15 0.015110
  5  4  9 0.118291
  5  4 10 0.021291
  5  4 11 0.016337
  5  4 12 0.014251
  5  4 13 0.013094
  5  4 14 0.012359
  5  4 15 0.011853
  6  4 10 0.106579
  6  4 11 0.017890
  6  4 12 0.013509
  6  4 13 0.011660
  6  4 14 0.010630
  6  4 15 0.009974
  7  4 11 0.098053
  7  4 12 0.015503
  7  4 13 0.011545
  7  4 14 0.009872
  7  4 15 0.008938
  8  4 12 0.091540
  8  4 13 0.013737
  8  4 14 0.010107
  8  4 15 0.008571
  9  4 13 0.086381
  9  4 14 0.012379
  9  4 15 0.009011
 10  4 14 0.082177
 10  4 15 0.011303
  1  5  6 0.289010
  1  5  7 0.070857
  1  5  8 0.058239
  1  5  9 0.053023
  1  5 10 0.050187
  1  5 11 0.048423
  1  5 12 0.047231
  1  5 13 0.046379
  1  5 14 0.045745
  1  5 15 0.045258
  2  5  7 0.174858
  2  5  8 0.037800
  2  5  9 0.030231
  2  5 10 0.027074
  2  5 11 0.025342
  2  5 12 0.024254
  2  5 13 0.023514
  2  5 14 0.022981
  2  5 15 0.022581
  3  5  8 0.132033
  3  5  9 0.025813
  3  5 10 0.020185
  3  5 11 0.017824
  3  5 12 0.016520
  3  5 13 0.015696
  3  5 14 0.015131
  3  5 15 0.014723
  4  5  9 0.109545
  4  5 10 0.019716
  4  5 11 0.015129
  4  5 12 0.013198
  4  5 13 0.012126
  4  5 14 0.011445
  4  5 15 0.010976
  5  5 10 0.095636
  5  5 11 0.016054
  5  5 12 0.012122
  5  5 13 0.010463
  5  5 14 0.009539
  5  5 15 0.008949
  6  5 11 0.086142
  6  5 12 0.013619
  6  5 13 0.010142
  6  5 14 0.008673
  6  5 15 0.007852
  7  5 12 0.079221
  7  5 13 0.011888
  7  5 14 0.008747
  7  5 15 0.007417
  8  5 13 0.073930
  8  5 14 0.010595
  8  5 15 0.007712
  9  5 14 0.069739
  9  5 15 0.009592
 10  5 15 0.066325
  1  6  7 0.245171
  1  6  8 0.052999
  1  6  9 0.042387
  1  6 10 0.037961
  1  6 11 0.035532
  1  6 12 0.034008
  1  6 13 0.032969
  1  6 14 0.032221
  1  6 15 0.031661
  2  6  8 0.148512
  2  6  9 0.029035
  2  6 10 0.022704
  2  6 11 0.020049
  2  6 12 0.018582
  2  6 13 0.017655
  2  6 14 0.017020
  2  6 15 0.016560
  3  6  9 0.112041
  3  6 10 0.020166
  3  6 11 0.015474
  3  6 12 0.013498
  3  6 13 0.012402
  3  6 14 0.011706
  3  6 15 0.011226
  4  6 10 0.092822
  4  6 11 0.015581
  4  6 12 0.011765
  4  6 13 0.010155
  4  6 14 0.009258
  4  6 15 0.008686
  5  6 11 0.080911
  5  6 12 0.012792
  5  6 13 0.009526
  5  6 14 0.008146
  5  6 15 0.007375
  6  6 12 0.072777
  6  6 13 0.010921
  6  6 14 0.008035
  6  6 15 0.006814
  7  6 13 0.066846
  7  6 14 0.009580
  7  6 15 0.006973
  8  6 14 0.062316
  8  6 15 0.008571
  9  6 15 0.058730
