Hydrogen line data v1.0.0r 
LAMBDA  (BALMER LINES)
6.5628E-05  4.8613E-05  4.3405E-05  4.1017E-05  3.9701E-05
COEFFICIENTS FOR RECOMBINATION  CASE B
#      A1            A2            A3            A4            A5
1 +1.07253E+00  -8.47176E-02  +1.84508E-02  +2.01321E-03  -6.76385E-04
2 +0.00000E+00  +0.00000E+00  +0.00000E+00  +0.00000E+00  +0.00000E+00
3 -7.70919E-01  +3.17413E-02  -4.05897E-03  -9.39581E-04  -3.19666E-04
4 -1.36584E+00  +4.14093E-02  -8.57153E-03  -1.55768E-03  +3.24660E-04
5 -1.85375E+00  +4.88657E-02  -8.53474E-03  -2.87287E-03  +2.27917E-04
#      B1            B2            B3            B4          C1       C2
1 -2.42690E-03  -5.55166E-04  +1.86498E-04  -9.7157E-05   0.6968   0.31337
2 +0.00000E+00  +0.00000E+00  +0.00000E+00  +0.0000E+00   1.00000  0.00000
3 +3.44960E-03  +2.71195E-04  +7.72893E-05  +1.04632E-05  0.50000  0.50000
4 +5.07610E-03  +1.26520E-03  -7.43285E-04  +1.43792E-04  0.80000  0.20000
5 +4.88760E-03  +2.80931E-03  -2.10986E-03  +3.54726E-04  0.80000  0.20000
EMISSION COEFFICIENTS FOR COLLISIONAL EXCITATION  CASE A
1 0.4418  0.1316  0.1149  0.1084  0.1051  0.1032
2 0.0000  0.2789  0.0652  0.0543  0.0500  0.0477
3 0.0000  0.0000  0.2190  0.0433  0.0348  0.0313
4 0.0000  0.0000  0.0000  0.1874  0.0327  0.0255
5 0.0000  0.0000  0.0000  0.0000  0.1677  0.0265
EMISSION COEFFICIENTS FOR COLLISIONAL EXCITATION  CASE B
1 1.0000  0.5164  0.4838  0.4714  0.4651  0.4614
2 0.0000  0.4836  0.1757  0.1559  0.1480  0.1439
3 0.0000  0.0000  0.3405  0.0984  0.0837  0.0777
4 0.0000  0.0000  0.0000  0.2473  0.0673  0.0553
5 0.0000  0.0000  0.0000  0.0000  0.2359  0.0510
HE I  ENERGY LEVELS AND ENERGY TERM VALUES
HEIEN(N)
3.358762E-11  3.302950E-11  3.399443E-11  1.8337E-12
QRE(N)
0.000000E+00  1.2756E-12    2.24051E-12   1.8337E-12
HE I RECOMBINATION SPECTRA (CASE B)
LAMBDA      TEMUL.  FMUL   EXPOS. MULDELC
5.8756E-05   0.50  2.7610  +1.12  +0.20
4.4715E-05   0.50  1.0000  +0.00  +0.00
4.0262E-05  -0.50  0.4743  -0.44  -0.10
3.8200E-05  -0.50  0.2640  -0.62  -0.10
7.0652E-05   0.10  0.3295  -3.93  +0.40
1.0830E-04  -0.10  4.4170  -1.36  +0.05
3.8886E-05   0.10  2.2570  -2.25  -0.10
3.1877E-05  -0.10  0.9130  -2.58  -0.10
6.6782E-05   0.25  0.7890  +0.95  +0.50
4.9219E-05  -0.10  0.2740  +0.11  -0.05
5.0157E-05  -0.10  0.5870  -1.90  -0.10
3.9647E-05  -0.10  0.2330  -2.00  -0.10
