%
%
%	version 2.00 semi-forbidden line data
%
%
%	changed element ids to atomic numbers
%	and removed name labels
%
%	no new elements added (ie Na,Al,Ca,Fe,Ni) until	
%	ther Xlin data has been sorted out and the
%	needs for extending this file are known
%
%
%	Format:
%	ATOM, ION, ENERGY, STAT.WT.1, STAT.WT.2, A21, COLL.ST.
%	IELFS, IONFS, E12FS, W1FS, W2FS, A21FS, OMFS
%
%	RSS 8/90
%
Fine structure and inter-system data v1.0.0r
48
 2  1  3.358761E-11  1   3  1.27E-04  0.00
 6  1  6.695546E-12  9   5  3.20E+01  6.00
 6  2  1.2598E-14    2   4  2.36E-06  1.33
 6  2  8.540642E-12  6  12  3.60E+00  2.15
 6  3  1.041300E-11  1   9  9.59E+01  0.99
 7  2  9.19972E-12   9   5  1.90E+02  1.10
 7  3  3.4664E-14    2   4  4.77E-05  0.70
 7  3  1.13560E-11   6  12  1.02E+03  0.69
 7  4  1.33780E-11   1   9  6.70E+02  0.70
 8  1  1.463840E-11  9   5  2.25E-02  6.00
 8  3  1.19421E-11   9   5  1.30E+05  1.10
 8  4  7.666E-14     2   4  5.31E-04  0.55
 8  4  1.41802E-11   6  12  7.78E+03  0.50
 8  5  1.63349E-11   1   9  4.80E+03  0.49
10  2  1.5501E-13    2   4  8.59E-03  0.37
10  2  4.354942E-11  6  12  6.80E+03  9.10
10  3  6.23419E-11   9   5  3.81E+00  1.30
10  5  1.7502E-11    9   5  5.20E+04  0.85
10  6  2.602E-13     2   4  2.02E-02  0.37
10  6  1.98803E-11   6  12  1.90E+03  0.23
12  1  4.348562E-12  1   9  4.30E+02  1.70
12  4  4.426E-13     2   4  2.00E-01  0.31
12  4  1.080291E-10  6  12  2.00E+05  2.00
12  5  1.0922E-10    9   5  6.00E+02  0.65
14  1  6.590412E-12  9   5  4.30E+03  6.00
14  2  5.7076E-14    2   4  2.13E-04  7.70
14  2  8.504254E-12  6  12  6.80E+03  9.00
14  3  1.052523E-11  1   9  1.00E+04  2.00
14  6  1.01310E-12   2   4  1.80E+00  0.23
14  6  1.96799E-10   6  12  3.50E+06  0.88
16  1  1.041468E-11  9   5  8.50E+04  6.00
16  3  1.1747E-11    9   5  1.50E+05  0.67
16  4  1.8876E-13    2   4  7.70E-03  1.30
16  4  1.4125E-11    6  12  1.00E+04  7.20
16  5  1.6570E-11    1   9  1.00E+05  0.09
17  1  1.7528E-13    2   4  1.23E-02  3.12
17  1  1.429981E-11  6  12  1.47E+07  9.90
17  2  2.136197E-11  9   5  6.00E+05  1.50
17  4  1.4418E-11    9   5  3.00E+05  0.38
17  5  2.964E-13     2   4  2.98E-02  1.01
17  5  1.7059E-11    6  12  3.00E+04  4.60
17  6  1.9723E-11    1   9  3.00E+05  0.06
18  2  2.84380E-13   2   4  5.62E-02  0.78
18  2  2.667296E-11  6  12  4.80E+07  5.00
18  3  3.453091E-11  9   5  2.00E+06  0.70
18  5  1.7018E-11    9   5  5.00E+05  0.24
18  6  4.390E-13     2   4  9.70E-02  0.70
18  6  1.98584E-11   6  12  8.00E+05  4.00
