% version 2.6 semi-forbidden line data 
%
%
%
%
% Part I Format:
% ATOM, ION, ENERGY, STAT.WT.1, STAT.WT.2, A21, COLL.ST.
%= IELFS, IONFS, E12FS, W1FS, W2FS, A21FS, OMFS
%
% Part II
% New t dependence for CII 158 mu omega.(Blum & Pradhan 1992, ApJS,80,425)
% And SIV 10.5 micron omega.
% as a cubic spline fit (cf HYDRECDAT)
% title
% nentries
% n, T (K), Omega, a , b, c, d
%
% RSS 2/92,93
%
% BAG 10/09 CII radiative rate from Galavis et al. 1998 (A&AS,131, 499)
%
% Updated 2009 March 04 by David Neufeld 
% Changes made to NeII and SiII data as follows:
% 
% [SiII] 35 micron: effective collision strength from:
% Tayal 2008, ApJS, 179, 534
%
% [NeII] 12.8 micron: effective collision strength from:
% Griffin D.C., Mitnik D.M., Badnell N.R. 2001, J. Phys. B 34, 4401
%
%
Two Level FS and inter-system data v1.0.0q 
56
02 01 3.358761E-11 01 03 1.270E-04 0.000 
06 01 6.695546E-12 09 05 3.200E+01 6.000 
06 02 8.540642E-12 06 12 3.600E+00 2.150 
06 02 1.259800E-14 02 04 2.291E-06 1.330 
07 04 1.336795E-11 01 09 6.700E+02 0.600 
08 01 1.463840E-11 09 05 2.250E-02 6.000 
08 05 1.630399E-11 01 09 4.800E+03 0.500 
10 02 4.354942E-11 06 12 6.800E+03 9.100 
10 02 1.550100E-13 04 02 8.590E-03 0.314 
10 03 6.234190E-11 09 05 3.810E+00 1.300 
10 05 1.742524E-11 09 05 5.200E+04 0.450 
10 06 1.986478E-11 06 12 1.900E+03 1.260 
10 06 2.602000E-13 02 04 2.020E-02 0.370 
11 03 2.714805E-13 04 02 4.590E-02 0.300
12 01 4.348562E-12 01 09 4.300E+02 1.700 
12 04 1.080291E-10 06 12 2.000E+05 2.000 
12 04 4.426000E-13 04 02 2.000E-01 0.310 
12 05 1.092200E-10 09 05 6.000E+02 0.650 
12 08 2.630653E-11 06 12 6.800E+03 0.230 
12 08 6.563322E-13 02 04 3.240E-01 0.272 
14 01 6.590412E-12 09 05 4.300E+03 6.000 
14 02 8.504254E-12 06 12 6.800E+03 9.000 
14 02 5.707600E-14 02 04 2.130E-04 6.090 
14 06 1.967990E-10 06 12 3.500E+06 0.880 
14 06 1.013100E-12 04 02 1.800E+00 0.230 
14 10 3.295328E-11 06 12 2.900E+05 0.140 
14 10 1.388548E-12 02 04 3.070E+00 0.184 
16 01 1.041468E-11 09 05 8.500E+04 6.000 
16 03 1.174700E-11 09 05 1.500E+05 0.670 
16 05 1.657332E-11 01 09 1.000E+05 0.300 
16 08 2.012302E-12 04 02 9.000E+00 0.174 
16 12 3.992820E-11 06 12 7.700E+05 0.100 
16 12 2.635261E-12 02 04 2.100E+01 0.134 
17 01 1.429981E-11 06 12 1.470E+07 9.900 
17 01 1.752800E-13 02 04 1.230E-02 3.120 
17 02 2.136197E-11 09 05 6.000E+05 1.500 
17 04 1.441800E-11 09 05 3.000E+05 0.380 
17 05 1.705900E-11 06 12 3.000E+04 4.600 
17 05 2.964000E-13 02 04 2.980E-02 1.010 
17 06 1.972300E-11 01 09 3.000E+05 0.060 
18 02 2.667296E-11 06 12 4.800E+07 5.000 
18 02 2.843800E-13 04 02 5.620E-02 0.780 
18 03 3.453091E-11 09 05 2.000E+06 0.700 
18 05 1.701800E-11 09 05 5.000E+05 0.240 
18 06 1.984493E-11 06 12 8.000E+05 1.920 
18 06 4.390000E-13 02 04 9.700E-02 0.700 
20 02 2.718693E-12 02 10 1.010E+00 2.300 
20 04 6.187878E-13 04 02 5.430E-01 1.050 
20 08 8.551786E-13 02 04 7.160E-01 0.510 
20 12 5.964995E-12 04 02 4.860E+02 0.094 
26 10 3.115393E-12 04 02 6.915E+01 0.280 
26 14 3.745106E-12 02 04 6.030E+01 0.190 
26 15 4.763735E-11 01 09 1.000E+07 0.100 
28 02 3.009333E-13 06 04 5.500E-02 0.510
28 12 4.694642E-12 04 02 2.353E+02 0.220 
28 16 5.514859E-12 02 04 1.920E+02 0.170 
Carbon II 158 micron and Sulfur IV 10.5 micron data
2
6 2
16
1 0.00e+0 1.5165000e+0 5.9800000e-5 2.1713466e-09 -2.1713466e-12
2 1.00e+3 1.5763000e+0 5.7628653e-5 -4.3426932e-09 6.5140399e-12
3 2.00e+3 1.6361000e+0 6.8485386e-5 1.5199426e-08 -4.0848128e-12
4 3.00e+3 1.7157000e+0 8.6629801e-5 2.9449879e-09 -1.8747886e-12
5 4.00e+3 1.8034000e+0 8.6895411e-5 -2.6793779e-09 -6.2166371e-13
6 6.00e+3 1.9615000e+0 6.8717934e-5 -6.4093602e-09 2.8769648e-13
7 8.00e+3 2.0756000e+0 4.6532851e-5 -4.6831813e-09 2.4587780e-13
8 1.00e+4 2.1519000e+0 3.0750660e-5 -3.2079145e-09 1.9129231e-13
9 1.20e+4 2.2021000e+0 2.0214509e-5 -2.0601606e-09 9.6945816e-14
10 1.60e+4 2.2562000e+0 8.3866236e-6 -8.9681084e-10 3.4413737e-14
11 2.00e+4 2.2776000e+0 2.8639962e-6 -4.8384599e-10 2.5923942e-14
12 2.20e+4 2.2816000e+0 1.2396995e-6 -3.2830235e-10 1.0844365e-14
13 2.60e+4 2.2820000e+0 -8.6618971e-7 -1.9816997e-10 6.8043485e-15
14 3.00e+4 2.2758000e+0 -2.1249407e-6 -1.1651779e-10 3.4457619e-15
15 3.60e+4 2.2596000e+0 -3.1510119e-6 -5.4494072e-11 -1.9382410e-15
16 4.00e+4 2.2460000e+0 -3.6800000e-6 0.0000000e+00 0.0000000e+00
16 4
16
1 3.6020600e+0 5.6300000e+0 2.2784666e+0 8.5802589e-1 3.9854755e-1
2 3.7781513e+0 6.0600000e+0 2.6177229e+0 1.0685681e+0 -1.9151440e+0
3 3.9030900e+0 6.4000000e+0 2.7950496e+0 3.5074108e-1 -4.5732646e+0
4 4.0000000e+0 6.6700000e+0 2.7341801e+0 -9.7884428e-1 -7.2268444e-1
5 4.0791812e+0 6.8800000e+0 2.5655749e+0 -1.1505135e+0 -2.1998391e+1
6 4.1461280e+0 7.0400000e+0 2.1157466e+0 -5.5686784e+0 1.3955765e+1
7 4.2000000e+0 7.1400000e+0 1.6372621e+0 -3.3132051e+0 -2.2123539e+0
8 4.2552725e+0 7.2200000e+0 1.2507272e+0 -3.6800522e+0 4.9576107e+0
9 4.3010300e+0 7.2700000e+0 9.4508730e-1 -2.9995087e+0 -4.2859980e+0
10 4.4000000e+0 7.3300000e+0 2.2541972e-1 -4.2720644e+0 1.9748288e+0
11 4.6000000e+0 7.2200000e+0 -1.2464266e+0 -3.0871671e+0 -2.1535005e+0
12 4.8000000e+0 6.8300000e+0 -2.7397135e+0 -4.3792674e+0 1.6391733e+0
13 5.0000000e+0 6.1200000e+0 -4.2947196e+0 -3.3957634e+0 3.0968072e+0
14 5.2000000e+0 5.1500000e+0 -5.2814081e+0 -1.5376791e+0 5.9735980e+0
15 5.4000000e+0 4.0800000e+0 -5.1796480e+0 2.0464797e+0 -1.9911993e+0
16 5.6000000e+0 3.1100000e+0 -4.6000000e+0 0.0000000e+0 0.0000000e+0%
