%
%
%       epot = ionisation potentials in ergs (not eV)
%       New format for mappings 2:
%       epot data file in eV, read in and converted
%       to ergs to maintain intrernal compatibility
%       with many routines
%
%       NOTE: BETA and EFFN are no longer used and have
%       been replaced with COLLDAT.
%
%	    NOTE: ARAD, XRAD, ADI,BDI,TO,TI are in IONDAT2
%
%
%       FORMAT:
%       Title
%       EPOT (ionisation potenials)
%       #entries
%       atom    ion     potenial (eV)
%       .
%
%	H & He "on-the-spot" recomb rates: entries in unused
%	array entries.
%
%	Nussbaumer & Storey low temp dielectronic rate coerrections
%	Only for those atoms available.
%	refs: N&S 1983,1987
%	
%	ADILT (ion,atom)
%	#entries
%		********************IONS******************
%	atom	a1	a2	a3	a4	a5	a6
%
%	BDILT (ion,atom)
%	#entries
%		********************IONS******************
%	atom	b1	b2	b3	b4	b5	b6
%
%	CDILT (ion,atom)
%	#entries
%		********************IONS******************
%	atom	c1	c2	c3	c4	c5	c6
%
%	DDILT (ion,atom)
%	#entries
%		********************IONS******************
%	atom	d1	d2	d3	d4	d5	d6
%
%	FDILT (ion,atom)
%	#entries
%		********************IONS******************
%	atom	f1	f2	f3	f4	f5	f6
%
%	CHARCO
%	#entries
%        M   atom  ion    SIGMA1     SIGMA2    ALPH1   ALPH2  H/HE 
%
%
%	SECEL
%	#entries
%	M   atom ion  VAL.EL.
%
%
%
%       RSS  8/90
%
General ionisation data v1.0.0r 
EPOT(ion,atom)
209
01 01 13.59844
02 01 24.58741
02 02 54.41778
06 01 11.2603
06 02 24.38332
06 03 47.8878
06 04 64.4939
06 05 392.087
06 06 489.99334
07 01 14.53414
07 02 29.6013
07 03 47.44924
07 04 77.4735
07 05 97.8902
07 06 552.0718
07 07 667.046
08 01 13.61806
08 02 35.1173
08 03 54.9355
08 04 77.41353
08 05 113.899
08 06 138.1197
08 07 739.29
08 08 871.4101
10 01 21.56454
10 02 40.96328
10 03 63.45
10 04 97.12
10 05 126.21
10 06 157.93
10 07 207.2759
10 08 239.0989
10 09 1195.8286
10 10 1362.1995
11 01 5.13908
11 02 47.2864
11 03 71.62
11 04 98.91
11 05 138.4
11 06 172.18
11 07 208.5
11 08 264.25
11 09 299.864
11 10 1465.121
11 11 1648.702
12 01 7.64624
12 02 15.03528
12 03 80.1437
12 04 109.2655
12 05 141.27
12 06 186.76
12 07 225.02
12 08 265.96
12 09 328.06
12 10 367.5
12 11 1761.805
12 12 1962.665
13 01 5.98577
13 02 18.82856
13 03 28.44765
13 04 119.992
13 05 153.825
13 06 190.49
13 07 241.76
13 08 284.66
13 09 330.13
13 10 398.75
13 11 442.0
13 12 2085.98
13 13 2304.141
14 01 8.15169
14 02 16.34585
14 03 33.49302
14 04 45.14181
14 05 166.767
14 06 205.27
14 07 246.5
14 08 303.54
14 09 351.12
14 10 401.37
14 11 476.36
14 12 523.42
14 13 2437.63
14 14 2673.182
16 01 10.36001
16 02 23.3379
16 03 34.79
16 04 47.222
16 05 72.5945
16 06 88.053
16 07 280.948
16 08 328.75
16 09 379.55
16 10 447.5
16 11 504.8
16 12 564.44
16 13 652.2
16 14 707.01
16 15 3223.78
16 16 3494.1892
17 01 12.96764
17 02 23.814
17 03 39.61
17 04 53.4652
17 05 67.8
17 06 97.03
17 07 114.1958
17 08 348.28
17 09 400.06
17 10 455.63
17 11 529.28
17 12 591.99
17 13 656.71
17 14 749.76
17 15 809.4
17 16 3658.521
17 17 3946.296
18 01 15.75962
18 02 27.62967
18 03 40.74
18 04 59.81
18 05 75.02
18 06 91.009
18 07 124.323
18 08 143.46
18 09 422.45
18 10 478.69
18 11 538.96
18 12 618.26
18 13 686.1
18 14 755.74
18 15 854.77
18 16 918.03
18 17 4120.8857
18 18 4426.2296
20 01 6.11316
20 02 11.87172
20 03 50.9131
20 04 67.27
20 05 84.5
20 06 108.78
20 07 127.2
20 08 147.24
20 09 188.54
20 10 211.275
20 11 591.9
20 12 657.2
20 13 726.6
20 14 817.6
20 15 894.5
20 16 974.0
20 17 1087.0
20 18 1157.8
20 19 5128.8
20 20 5469.864
26 01 7.9024
26 02 16.1878
26 03 30.652
26 04 54.8
26 05 75.0
26 06 99.1
26 07 124.98
26 08 151.06
26 09 233.6
26 10 262.1
26 11 290.2
26 12 330.8
26 13 361.0
26 14 392.2
26 15 457.0
26 16 489.256
26 17 1266.0
26 18 1358.0
26 19 1456.0
26 20 1582.0
26 21 1689.0
26 22 1799.0
26 23 1950.0
26 24 2023.0
26 25 8828.0
26 26 9277.69
28 01 7.6398
28 02 18.16884
28 03 35.19
28 04 54.9
28 05 76.06
28 06 108.0
28 07 133.0
28 08 162.0
28 09 193.0
28 10 224.6
28 11 321.0
28 12 352.0
28 13 384.0
28 14 430.0
28 15 464.0
28 16 499.0
28 17 571.08
28 18 607.06
28 19 1541.0
28 20 1648.0
28 21 1756.0
28 22 1894.0
28 23 2011.0
28 24 2131.0
28 25 2295.0
28 26 2399.2
28 27 10288.8
28 28 10775.4
ARAD(J,I) H&He + On-The-Spot rate stuff
 1  4.13E-13  2.58E-13  0.0       0.0       0.0
 2  4.3E-13   2.2E-12   2.7E-13   1.5E-12   0.0
XRAD(J,I) H&He + On-The-Spot rate stuff
 1  0.5    0.5    0.0    0.0    0.0
 2  0.672  0.5    0.787  0.5    0.0
ADI(J,I) H&He + On-The-Spot rate stuff
 1  0.0E+00  0.0E+00  0.0E+00  0.0E+00  0.0E+00
 2  1.9E-03  0.0E+00  1.9E-03  0.0E+00  0.0E+00
T0(J,I) H&He + On-The-Spot rate stuff
 1    0.0      0.0      0.0      0.0      0.0
 2  4.7E+05    0.0    4.7E+05    0.0      0.0
BDI(J,I) H&He + On-The-Spot rate stuff
 1   0.0   0.0   0.0   0.0   0.0
 2   0.3   0.0   0.3   0.0   0.0
T1(J,I) H&He + On-The-Spot rate stuff
 1  0.0E+00    0.0      0.0      0.0      0.0
 2  9.4E+04  0.0E+00  9.4E+04    0.0      0.0
ADILT(J,I)
6
 6   0.0108   1.8267   2.3196   0.0000   0.0000   0.0000   0.0000
 7   0.0000   0.0320  -0.8806   0.4134   0.0000   0.0000   0.0000
 8   0.0000  -0.0036   0.0000   0.0061  -2.8425   0.0000   0.0000
10   0.0000   0.0129   3.6781  -0.0254  -0.0141  19.9280   5.4751
12   1.2044   0.0000   0.0000   0.0000   0.0000   0.0000   0.0000
13   0.0219   0.7086   0.0000   0.0000   0.0000   0.0000   0.0000
BDILT(J,I)
6
 6  -0.1075   4.1012  10.7328   0.0000   0.0000   0.0000   0.0000
 7   0.6310  -0.6624  11.2406  -4.6319   0.0000   0.0000   0.0000
 8   0.0238   0.7519  21.8790   0.2269   0.2283   0.0000   0.0000
10   0.0000  -0.1779  14.1481   5.5365  33.8479 235.0536 203.9751
12  -4.6836   0.0000   0.0000   0.0000   0.0000   0.0000   0.0000
13  -0.4528  -3.1083   0.0000   0.0000   0.0000   0.0000   0.0000
CDILT(J,I)
6
 6   0.2810   4.8443   6.8830   0.0000   0.0000   0.0000   0.0000
 7   0.1990   4.3191  30.7066  25.9172   0.0000   0.0000   0.0000
 8   0.0659   1.5252  16.2730  32.1419  40.4072   0.0000   0.0000
10   0.0000   0.9353  17.1175  17.0727  43.1608 152.5096  86.9016
12   7.6620   0.0000   0.0000   0.0000   0.0000   0.0000   0.0000
13   2.5427   7.0422   0.0000   0.0000   0.0000   0.0000   0.0000
DDILT(J,I)
6
 6  -0.0193   0.2261  -0.1824   0.0000   0.0000   0.0000   0.0000
 7  -0.0197   0.0003  -1.1721  -2.2290   0.0000   0.0000   0.0000
 8   0.0349  -0.0838  -0.7020   1.9939  -3.4956   0.0000   0.0000
10   0.0000  -0.0682  -0.5017  -0.7225  -1.6072   9.1413  -7.4568
12  -0.5930   0.0000   0.0000   0.0000   0.0000   0.0000   0.0000
13  -0.1678   0.5998   0.0000   0.0000   0.0000   0.0000   0.0000
FDILT(J,I)
6
 6  -0.1127   0.5960   0.4101   0.0000   0.0000   0.0000   0.0000
 7   0.4398   0.5946   0.6127   0.2360   0.0000   0.0000   0.0000
 8   0.5334   0.2769   1.1899  -0.0646   1.7558   0.0000   0.0000
10   0.0000   0.4516   0.2313   0.1702   0.1942   0.1282   2.5145
12   1.6260   0.0000   0.0000   0.0000   0.0000   0.0000   0.0000
13   0.2276   0.4194   0.0000   0.0000   0.0000   0.0000   0.0000
CHARCO(J,I)
26
1    6   2   0.00E+00   1.29E-12   0.00    1.1     1
2    6   3   0.00E+00   3.60E-09   0.00    0.25    1
3    6   4   0.00E+00   7.20E-10   0.00    1.44    1
4    7   1   0.00E+00   1.00E-12   0.00   -0.08    1
5    7   2   0.00E+00   8.60E-10   0.00    0.16    1
6    7   3   0.00E+00   2.83E-09   0.00    0.80    1
7    7   4   0.00E+00   1.60E-10   0.00    1.44    1
8    8   1   9.19E-10   1.04E-09   0.091   0.009   1
9    8   2   0.00E+00   7.87E-11   0.00    0.43    1
10   8   3   0.00E+00   8.70E-09   0.00    0.45    1
11   8   4   0.00E+00   3.00E-10   0.00    0.37    1
12  10   2   0.00E+00   9.60E-12   0.00    0.04    1
13  10   3   0.00E+00   5.70E-09   0.00    0.52    1
14  10   4   0.00E+00   7.80E-09   0.00    0.31    1
15  14   2   6.25E-10   5.00E-09   0.32    0.28    1
16  14   3   0.00E+00   0.41E-09   0.00    0.00    1
17  14   4   0.00E+00   2.40E-09   0.00    0.00    1
18  16   3   0.00E+00   2.50E-09   0.00   -0.14    1
19  16   4   0.00E+00   7.30E-09   0.00    0.00    1
20   6   3   0.00E+00   4.30E-11   0.00    1.93    2
21   7   2   0.00E+00   3.30E-10   0.00    0.05    2
22   7   3   0.00E+00   1.90E-10   0.00    0.02    2
23   7   4   0.00E+00   2.18E-09   0.00   -0.29    2
24   8   2   0.00E+00   2.00E-10   0.00    0.96    2
25   8   3   0.00E+00   1.10E-09   0.00   -0.15    2
26   8   4   0.00E+00   7.40E-10   0.00   -0.23    2
SECEL(5,25)
25 
25
1    1   1   1
2    2   1   2
3    6   1   4
4    6   2   3
5    7   1   5
6    7   2   4
7    8   1   6
8    8   2   5
9   10   1   8
10  12   1   2
11  12   2   1
12  14   1   2
13  14   2   1
14  16   1   6
15  16   2   5
16  16   3   4
17  17   1   7
18  17   2   6
19  18   1   8
20  18   2   7
21  20   1   9
22  20   2   8
23  26   1   9
24  26   2   8
25  28   1   9





