% 
% Transition codes and Gaunt factor lookup table 
% 
% Line emmission in the range 1-2000â
% 
% ref Landini & Monsignori Fosse 1990 A. A. Suppl. Ser. 82:229 
% 
% transition type table + gaunt factor table
%
% 
% FORMAT:
% Title
% #entries
% iso# Trans# R-code Branching-ratio 
% 
% gaunt factor coeff lookup table 
% R-code A B C D E
% 
% 
% Note: branching ratio used for restrans only. 
% Note: R-code of 0 indicates the He and Li special cases. 
% Note: R-code of -1 indicates the transitions from meastable levels
% where f' is the collision strength and the branchin ratio is 1.0 
% 
% RSS Sep-90
% 
Resonance line gaunt tables v1.0.0r  
165
4 5 1 0.8
5 9 1 1.0
7 1 1 1.0
7 3 1 1.0
7 5 1 1.0
7 7 1 1.0
8 1 1 1.0
8 3 1 1.0
8 4 1 1.0
8 5 1 1.0
8 7 1 1.0
9 1 1 1.0
9 2 1 1.0
9 3 1 1.0
9 5 1 1.0
11 2 1 0.7
11 6 1 0.6
6 1 1 1.0 
6 3 1 1.0
6 4 1 1.0
6 5 1 1.0
6 9 1 1.0
12 1 1 1.0 
13 9 1 1.0 
13 12 1 1.0
13 14 1 1.0
14 7 1 1.0
14 8 1 1.0
16 2 1 1.0
18 1 1 1.0
18 2 1 1.0
18 3 1 1.0
19 1 1 0.8
19 2 1 0.75
19 3 1 0.8
19 4 1 1.0
19 9 1 1.0
19 10 1 1.0
19 11 1 1.0
1 1 2 1.0 
1 2 3 0.56
1 6 4 0.56
1 3 5 0.42
1 4 6 0.36
1 5 7 0.32
10 4 8 1.0 
10 5 8 1.0
10 6 8 1.0
10 1.1 9 1.0
10 7 10 1.0 
10 8 10 1.0
10 2 11 1.0
10 3.1 12 1.0
10 3.2 13 1.0
4 14.1 14 1.0
11 12 14 1.0 
6 8 14 1.0
12 9 14 1.0
13 1 14 1.0
13 4 14 1.0
13 15 14 1.0
14 11 14 1.0
15 6 14 1.0
17 8 14 1.0
5 10 15 1.0
5 11 15 1.0
5 12 15 1.0
5 18 15 1.0
4 13 16 1.0
7 6 17 1.0
6 6 17 1.0
6 6.1 17 1.0
6 7 17 1.0
9 4 18 1.0
8 6 19 1.0
4 6 20 1.0
4 7 20 1.0
4 8 20 1.0
4 9 20 1.0
4 14.2 20 1.0
4 14.3 20 1.0
5 7 20 1.0
7 8 20 1.0
7 9 20 1.0
7 10 20 1.0 
7 11 20 1.0
7 12 20 1.0
7 14 20 1.0
7 15 20 1.0
7 16 20 1.0
7 17 20 1.0
7 18 20 1.0
8 9 20 1.0
8 10 20 1.0
11 3 20 0.75
11 4 20 0.6
11 5 20 0.7
11 7 20 1.0
11 8 20 1.0
11 9 20 1.0
6 10 20 1.0
6 11 20 1.0
6 12 20 1.0
6 13 20 1.0
6 14 20 1.0
6 15 20 1.0
6 16 20 1.0
6 17 20 1.0
12 2 20 1.0
12 3 20 1.0
12 4 20 1.0
12 5 20 1.0
12 6 20 1.0
12 10 20 1.0
13 6 20 0.76
13 10 20 1.0
13 13 20 1.0
14 9 20 1.0
14 10 20 1.0
15 5 20 1.0
17 7 20 1.0
11 11 21 1.0
12 7 21 1.0
12 8 21 1.0
15 3 22 1.0
17 4 23 1.0
17 5 23 1.0
17 6 23 1.0
18 4 23 1.0
19 5 23 1.0
19 6 23 1.0
19 7 23 1.0
5 2 24 0.75
5 3 24 1.0
5 6 25 1.0
17 2 26 1.0
15 4 27 1.0
14 1 28 1.0
14 2 28 0.67
14 4 28 0.88
16 6 28 1.0 
16 7 28 1.0
16 8 28 1.0
2 1 29 1.0
2 2 29 1.0
2 3 29 0.95
2 4 29 1.0
2 5 30 0.14
2 6 31 1.0
3 1 33 0.68
3 2 33 0.77
3 3 35 0.77
3 5 32 1.0
3 6 36 1.0
3 7 34 1.0
3 12 37 1.0
3 13 37 1.0
3 14 32 1.0
3 15 32 1.0
4 15 -1 1.0
5 14 -1 1.0
7 19 -1 1.0
6 18 -1 1.0
12 11 -1 1.0
13 16 -1 1.0
gaunt factor coeff lookup table 
37
1 0.15 0 0 0 0.276 
2 0.075 0.04 0.02 0 0.276 
3 0.2 0.06 0 0 0.276 
4 0.27 0.08 0 0 0.276 
5 0.25 0.04 0 0 0.276 
6 0.27 0.03 0 0 0.276 
7 0.276 0.02 0 0 0.276 
8 0.05 0.2 0 0 0.276 
9 0.23 0 0 0 0.29 
10 0 0 0 0.15 0.15 
11 -0.04 0.2 0 0 0.276 
12 0.21 0 0 0 0.68 
13 -0.3 0.5 0 0 0.276 
14 0.6 0 0 0 0.276 
15 0.593 0.252 0 0 0.276 
16 0.5 0.3 0 0 0.276 
17 0.8 0 0 0 0.276 
18 0.6 0.3 0 0 0.276 
19 0.576 0.276 0 0 0.276 
20 0.15 0 0 0 0 
21 0.6 0 0 0 0 
22 0 0.8 0 0 0 
23 0 0.33 0 0 0.276 
24 0.1 0.15 0 0 0.276 
25 0 0.15 0 0 0.276 
26 0.04 0 0 0 0.276 
27 0 0.8 0 0 0.276 
28 0 0.63 0 0 0.276
29 0.053 0 0 0.022 0.276
30 0 0 0.124 -0.016 0
31 0 0 0.0372 -.0124 0
32 0.05 0 0 0.025 0.276
33 -0.18 0.77 -0.2 0 0.276
34 0.13 0 0 0 0
35 0.54 -0.25 0 0 0
36 0.44 -0.16 0 0 0
37 0.685 0.967 -0.479 0 0.276
