%	DATA for dust	
%		
%	including PAH data, IP, Photo crossection/C atom, yield factors	
%		
%   ref Vestrate et al .... 1990		
%		
%	based on pyrene & coronene and extrapolatiojn to Nc = 80 for inter	
%	stellar PAHs. Real rough.	
%		
%	IP (eV) = 4.8 + C/b	
%	taking C = 11 2/3 and b ~12A for nc = 80	
%	"=> IP = ~5.8V, call it 6V."	
%		
%       fit to photo crossections scaled to n = 80		
%	given as IP	0
%	1st point	sigma  (Mbarns/Catom)
%	2nd point	sigma
%          .              .		
%          .              .		
%		
%	Yield curve: same slopes as coronene, shifted to IP = 6V	
%		
%	IP	0
%	ist point	Yield
%		
%	Large Dust Extinction curve: based on emprical fit from
%	to optical UV, using Loar and Draine 1993 data for Silica
%	and graphite. assuming far UV rise is small grains and PAHs.		
%		
%	Small Dust Extinction curve: extremely uncertain	
%   curve, chosen not to interfere with optical curve.	
%	Qabs effective required to give curve from
%	given small gr geometric area.
%	
%	
%  Format:	
%   Title	
%	Photo-xsection
%	#lines
%	eV MBarns
%	Yield curve
%   # lines	
%	eV Yield
%	Dust Extinction curves
%   # bins	
%	eV Qal Qxl Qas Qxs
%
%
Dust data v1.0.0r 
PAH crossection
5
 6.00    0
10.96  7.5
14.43 19.5
15.92 35.0
19.33 25.0
PAH Yield Curve
3
 6.00 0.000
 9.72 0.625
16.56 1.000
Dust absorption and Extinction curves
360
5.06950E+00 0.551 1.168 0.124 0.125
5.16750E+00 0.585 1.213 0.142 0.142
5.24650E+00 0.615 1.250 0.159 0.160
5.34850E+00 0.657 1.298 0.186 0.186
5.45250E+00 0.699 1.341 0.215 0.216
5.55850E+00 0.737 1.373 0.246 0.247
5.66650E+00 0.766 1.388 0.275 0.275
5.85350E+00 0.781 1.371 0.303 0.303
6.04950E+00 0.740 1.300 0.286 0.287
6.14600E+00 0.710 1.258 0.266 0.267
6.23900E+00 0.681 1.223 0.245 0.245
6.36000E+00 0.652 1.189 0.217 0.218
6.48350E+00 0.631 1.165 0.191 0.192
6.60950E+00 0.614 1.146 0.168 0.168
6.73750E+00 0.602 1.128 0.148 0.148
6.86850E+00 0.593 1.110 0.132 0.132
7.00200E+00 0.586 1.093 0.118 0.118
7.13800E+00 0.581 1.077 0.106 0.106
7.27700E+00 0.577 1.064 0.095 0.096
7.41800E+00 0.575 1.055 0.087 0.087
7.56200E+00 0.575 1.052 0.079 0.080
7.64050E+00 0.577 1.054 0.076 0.076
7.75800E+00 0.584 1.062 0.071 0.071
8.01050E+00 0.617 1.104 0.062 0.063
8.27850E+00 0.667 1.163 0.055 0.056
8.48750E+00 0.702 1.200 0.052 0.052
8.73700E+00 0.731 1.237 0.049 0.049
8.99150E+00 0.746 1.276 0.048 0.048
9.25650E+00 0.756 1.321 0.048 0.049
9.52650E+00 0.777 1.371 0.050 0.051
9.80650E+00 0.812 1.428 0.055 0.056
1.00920E+01 0.860 1.494 0.063 0.064
1.02745E+01 0.892 1.536 0.069 0.070
1.04745E+01 0.923 1.578 0.075 0.077
1.06920E+01 0.950 1.618 0.082 0.084
1.08995E+01 0.975 1.657 0.092 0.094
1.11320E+01 1.009 1.711 0.109 0.112
1.13480E+01 1.050 1.773 0.131 0.135
1.15470E+01 1.091 1.833 0.156 0.161
1.17645E+01 1.137 1.893 0.186 0.191
1.19935E+01 1.183 1.948 0.218 0.224
1.22335E+01 1.229 1.999 0.255 0.262
1.24710E+01 1.273 2.048 0.297 0.305
1.27135E+01 1.314 2.099 0.345 0.355
1.29015E+01 1.341 2.133 0.382 0.393
1.31530E+01 1.369 2.162 0.425 0.437
1.34685E+01 1.386 2.169 0.462 0.474
1.36080E+01 1.389 2.167 0.474 0.486
1.38750E+01 1.394 2.164 0.493 0.506
1.43330E+01 1.407 2.190 0.526 0.542
1.46100E+01 1.421 2.222 0.554 0.572
1.48605E+01 1.437 2.255 0.587 0.607
1.51485E+01 1.460 2.293 0.634 0.657
1.54105E+01 1.480 2.324 0.682 0.708
1.56590E+01 1.495 2.347 0.729 0.757
1.59595E+01 1.506 2.364 0.784 0.814
1.62525E+01 1.508 2.369 0.830 0.862
1.65745E+01 1.499 2.360 0.869 0.902
1.69670E+01 1.472 2.330 0.891 0.925
1.72965E+01 1.437 2.290 0.887 0.921
1.76325E+01 1.391 2.236 0.861 0.894
1.79850E+01 1.335 2.167 0.814 0.845
1.83340E+01 1.274 2.093 0.756 0.786
1.86630E+01 1.218 2.021 0.701 0.729
1.90260E+01 1.158 1.944 0.647 0.672
1.94130E+01 1.097 1.864 0.597 0.621
1.97900E+01 1.040 1.786 0.560 0.582
2.01745E+01 0.983 1.709 0.532 0.553
2.05665E+01 0.933 1.638 0.508 0.529
2.09660E+01 0.894 1.577 0.485 0.506
2.13660E+01 0.868 1.529 0.461 0.480
2.17810E+01 0.849 1.489 0.433 0.453
2.22120E+01 0.832 1.453 0.405 0.423
2.26435E+01 0.812 1.420 0.377 0.394
2.30955E+01 0.793 1.389 0.349 0.366
2.35700E+01 0.775 1.361 0.325 0.341
2.40965E+01 0.759 1.334 0.303 0.318
2.44850E+01 0.749 1.317 0.289 0.304
2.48785E+01 0.739 1.300 0.276 0.290
2.54145E+01 0.726 1.279 0.259 0.273
2.59080E+01 0.714 1.261 0.244 0.258
2.64110E+01 0.702 1.243 0.231 0.244
2.69240E+01 0.691 1.226 0.218 0.230
2.74060E+01 0.682 1.210 0.207 0.219
2.80585E+01 0.668 1.189 0.192 0.204
2.86435E+01 0.657 1.170 0.180 0.191
2.90785E+01 0.649 1.157 0.172 0.182
2.94795E+01 0.644 1.146 0.166 0.176
3.01260E+01 0.638 1.131 0.160 0.169
3.08770E+01 0.637 1.117 0.157 0.166
3.14050E+01 0.637 1.110 0.157 0.165
3.20150E+01 0.639 1.103 0.158 0.166
3.26370E+01 0.641 1.099 0.159 0.167
3.32215E+01 0.643 1.098 0.161 0.170
3.38675E+01 0.643 1.100 0.164 0.173
3.45365E+01 0.641 1.102 0.165 0.174
3.49735E+01 0.639 1.101 0.165 0.174
3.51435E+01 0.637 1.100 0.164 0.173
3.60765E+01 0.627 1.091 0.157 0.167
3.73420E+01 0.612 1.073 0.146 0.155
3.80675E+01 0.604 1.064 0.141 0.150
3.88070E+01 0.597 1.056 0.136 0.145
3.93950E+01 0.592 1.050 0.133 0.142
4.01750E+01 0.584 1.042 0.128 0.137
4.08510E+01 0.578 1.034 0.124 0.133
4.16385E+01 0.571 1.026 0.120 0.129
4.27260E+01 0.561 1.014 0.114 0.123
4.35560E+01 0.554 1.005 0.110 0.119
4.45580E+01 0.546 0.995 0.105 0.114
4.62135E+01 0.533 0.979 0.098 0.106
4.72930E+01 0.525 0.969 0.094 0.102
4.73740E+01 0.524 0.968 0.094 0.102
4.76675E+01 0.522 0.966 0.093 0.101
4.86215E+01 0.515 0.957 0.089 0.097
5.01330E+01 0.504 0.943 0.084 0.092
5.11010E+01 0.498 0.934 0.081 0.088
5.17905E+01 0.493 0.928 0.079 0.086
5.28745E+01 0.487 0.919 0.076 0.083
5.39380E+01 0.482 0.912 0.073 0.080
5.46080E+01 0.479 0.907 0.071 0.078
5.48500E+01 0.478 0.906 0.070 0.077
5.49170E+01 0.478 0.905 0.070 0.077
5.68105E+01 0.468 0.893 0.066 0.073
5.92485E+01 0.455 0.876 0.061 0.067
6.04000E+01 0.449 0.867 0.058 0.065
6.15825E+01 0.444 0.859 0.056 0.062
6.28125E+01 0.441 0.853 0.054 0.060
6.39710E+01 0.439 0.849 0.052 0.058
6.51805E+01 0.438 0.845 0.050 0.056
6.65095E+01 0.434 0.841 0.048 0.054
6.74250E+01 0.430 0.837 0.047 0.052
6.87415E+01 0.424 0.830 0.045 0.050
7.07115E+01 0.414 0.819 0.042 0.047
7.21600E+01 0.408 0.811 0.041 0.046
7.33050E+01 0.404 0.805 0.039 0.044
7.44850E+01 0.400 0.799 0.038 0.043
7.52700E+01 0.397 0.795 0.037 0.042
7.57500E+01 0.395 0.792 0.037 0.041
7.67065E+01 0.392 0.787 0.036 0.040
7.74425E+01 0.389 0.783 0.035 0.040
7.88075E+01 0.385 0.776 0.034 0.038
8.22865E+01 0.373 0.759 0.031 0.035
8.53310E+01 0.363 0.743 0.029 0.033
8.71410E+01 0.357 0.733 0.027 0.031
8.88325E+01 0.353 0.725 0.026 0.030
9.03125E+01 0.351 0.718 0.025 0.029
9.40200E+01 0.345 0.703 0.023 0.027
9.70700E+01 0.339 0.693 0.022 0.025
9.74990E+01 0.338 0.692 0.021 0.025
9.83990E+01 0.336 0.689 0.021 0.024
9.94550E+01 0.334 0.685 0.021 0.024
1.01268E+02 0.330 0.678 0.020 0.023
1.03531E+02 0.323 0.668 0.019 0.022
1.06264E+02 0.314 0.654 0.018 0.021
1.08390E+02 0.308 0.642 0.017 0.020
1.09045E+02 0.307 0.639 0.017 0.020
1.11603E+02 0.308 0.630 0.016 0.019
1.14043E+02 0.314 0.627 0.015 0.018
1.15754E+02 0.319 0.626 0.015 0.017
1.18654E+02 0.321 0.623 0.014 0.016
1.20955E+02 0.316 0.620 0.013 0.016
1.23215E+02 0.309 0.616 0.013 0.015
1.25360E+02 0.303 0.611 0.012 0.014
1.26955E+02 0.299 0.606 0.012 0.014
1.28000E+02 0.297 0.603 0.012 0.014
1.31150E+02 0.292 0.593 0.011 0.013
1.36058E+02 0.284 0.578 0.010 0.012
1.38258E+02 0.280 0.572 0.010 0.012
1.39830E+02 0.277 0.567 0.010 0.011
1.42355E+02 0.273 0.560 0.009 0.011
1.45425E+02 0.268 0.551 0.009 0.010
1.49260E+02 0.262 0.540 0.008 0.010
1.52435E+02 0.257 0.531 0.008 0.009
1.55840E+02 0.252 0.522 0.008 0.009
1.58770E+02 0.248 0.513 0.007 0.009
1.61805E+02 0.243 0.503 0.007 0.008
1.65385E+02 0.239 0.494 0.007 0.008
1.67932E+02 0.238 0.490 0.006 0.007
1.70737E+02 0.237 0.486 0.006 0.007
1.74054E+02 0.236 0.482 0.006 0.007
1.77435E+02 0.234 0.477 0.006 0.007
1.80882E+02 0.230 0.470 0.005 0.006
1.84566E+02 0.225 0.462 0.005 0.006
1.87605E+02 0.221 0.456 0.005 0.006
1.89585E+02 0.219 0.452 0.005 0.006
1.91735E+02 0.217 0.448 0.005 0.005
1.99040E+02 0.210 0.435 0.004 0.005
2.06175E+02 0.203 0.422 0.004 0.005
2.07875E+02 0.201 0.419 0.004 0.004
2.09890E+02 0.199 0.416 0.004 0.004
2.14225E+02 0.195 0.409 0.004 0.004
2.20875E+02 0.190 0.397 0.003 0.004
2.24775E+02 0.187 0.391 0.003 0.004
2.27501E+02 0.184 0.387 0.003 0.004
2.32526E+02 0.180 0.379 0.003 0.003
2.37045E+02 0.176 0.372 0.003 0.003
2.40265E+02 0.174 0.368 0.003 0.003
2.43965E+02 0.171 0.363 0.002 0.003
2.49887E+02 0.169 0.355 0.003 0.003
2.55743E+02 0.167 0.347 0.003 0.003
2.60152E+02 0.163 0.338 0.003 0.003
2.63140E+02 0.157 0.330 0.002 0.002
2.65050E+02 0.153 0.325 0.001 0.001
2.72965E+02 0.141 0.310 0.001 0.001
2.82300E+02 0.129 0.295 0.001 0.001
2.87495E+02 0.117 0.270 0.001 0.001
2.95135E+02 0.000 0.000 0.000 0.000
3.01515E+02 0.000 0.000 0.000 0.000
3.05090E+02 0.000 0.000 0.000 0.000
3.14010E+02 0.000 0.000 0.000 0.000
3.24475E+02 0.000 0.000 0.000 0.000
3.28140E+02 0.000 0.000 0.000 0.000
3.29265E+02 0.000 0.000 0.000 0.000
3.30600E+02 0.000 0.000 0.000 0.000
3.39685E+02 0.000 0.000 0.000 0.000
3.49735E+02 0.000 0.000 0.000 0.000
3.51550E+02 0.000 0.000 0.000 0.000
3.56500E+02 0.000 0.000 0.000 0.000
3.64250E+02 0.000 0.000 0.000 0.000
3.73300E+02 0.000 0.000 0.000 0.000
3.81550E+02 0.000 0.000 0.000 0.000
3.88000E+02 0.000 0.000 0.000 0.000
3.92039E+02 0.000 0.000 0.000 0.000
3.95324E+02 0.000 0.000 0.000 0.000
3.99485E+02 0.000 0.000 0.000 0.000
4.00900E+02 0.000 0.000 0.000 0.000
4.12000E+02 0.000 0.000 0.000 0.000
4.26300E+02 0.000 0.000 0.000 0.000
4.36035E+02 0.000 0.000 0.000 0.000
4.44585E+02 0.000 0.000 0.000 0.000
4.51350E+02 0.000 0.000 0.000 0.000
4.56300E+02 0.000 0.000 0.000 0.000
4.60500E+02 0.000 0.000 0.000 0.000
4.70030E+02 0.000 0.000 0.000 0.000
4.77480E+02 0.000 0.000 0.000 0.000
4.83950E+02 0.000 0.000 0.000 0.000
4.89491E+02 0.000 0.000 0.000 0.000
4.94491E+02 0.000 0.000 0.000 0.000
5.01850E+02 0.000 0.000 0.000 0.000
5.14100E+02 0.000 0.000 0.000 0.000
5.26400E+02 0.000 0.000 0.000 0.000
5.34150E+02 0.000 0.000 0.000 0.000
5.45529E+02 0.000 0.000 0.000 0.000
5.58529E+02 0.000 0.000 0.000 0.000
5.68000E+02 0.000 0.000 0.000 0.000
5.81300E+02 0.000 0.000 0.000 0.000
5.91800E+02 0.000 0.000 0.000 0.000
5.99500E+02 0.000 0.000 0.000 0.000
6.12500E+02 0.000 0.000 0.000 0.000
6.27000E+02 0.000 0.000 0.000 0.000
6.43815E+02 0.000 0.000 0.000 0.000
6.54315E+02 0.000 0.000 0.000 0.000
6.62015E+02 0.000 0.000 0.000 0.000
6.76515E+02 0.000 0.000 0.000 0.000
6.96570E+02 0.000 0.000 0.000 0.000
7.16570E+02 0.000 0.000 0.000 0.000
7.32658E+02 0.000 0.000 0.000 0.000
7.44528E+02 0.000 0.000 0.000 0.000
7.52870E+02 0.000 0.000 0.000 0.000
7.82695E+02 0.000 0.000 0.000 0.000
8.13195E+02 0.000 0.000 0.000 0.000
8.35875E+02 0.000 0.000 0.000 0.000
8.63069E+02 0.000 0.000 0.000 0.000
8.83194E+02 0.000 0.000 0.000 0.000
8.98395E+02 0.000 0.000 0.000 0.000
9.09895E+02 0.000 0.000 0.000 0.000
9.27584E+02 0.000 0.000 0.000 0.000
9.46271E+02 0.000 0.000 0.000 0.000
9.64687E+02 0.000 0.000 0.000 0.000
9.83427E+02 0.000 0.000 0.000 0.000
1.00250E+03 0.000 0.000 0.000 0.000
1.03200E+03 0.000 0.000 0.000 0.000
1.06207E+03 0.000 0.000 0.000 0.000
1.07964E+03 0.000 0.000 0.000 0.000
1.10068E+03 0.000 0.000 0.000 0.000
1.12518E+03 0.000 0.000 0.000 0.000
1.14650E+03 0.000 0.000 0.000 0.000
1.17640E+03 0.000 0.000 0.000 0.000
1.19965E+03 0.000 0.000 0.000 0.000
1.21519E+03 0.000 0.000 0.000 0.000
1.24644E+03 0.000 0.000 0.000 0.000
1.27051E+03 0.000 0.000 0.000 0.000
1.28740E+03 0.000 0.000 0.000 0.000
1.32889E+03 0.000 0.000 0.000 0.000
1.36008E+03 0.000 0.000 0.000 0.000
1.36959E+03 0.000 0.000 0.000 0.000
1.39039E+03 0.000 0.000 0.000 0.000
1.41740E+03 0.000 0.000 0.000 0.000
1.44352E+03 0.000 0.000 0.000 0.000
1.46055E+03 0.000 0.000 0.000 0.000
1.49058E+03 0.000 0.000 0.000 0.000
1.53104E+03 0.000 0.000 0.000 0.000
1.56400E+03 0.000 0.000 0.000 0.000
1.61500E+03 0.000 0.000 0.000 0.000
1.64833E+03 0.000 0.000 0.000 0.000
1.65891E+03 0.000 0.000 0.000 0.000
1.67908E+03 0.000 0.000 0.000 0.000
1.72250E+03 0.000 0.000 0.000 0.000
1.75890E+03 0.000 0.000 0.000 0.000
1.78040E+03 0.000 0.000 0.000 0.000
1.81836E+03 0.000 0.000 0.000 0.000
1.85557E+03 0.000 0.000 0.000 0.000
1.88371E+03 0.000 0.000 0.000 0.000
1.92200E+03 0.000 0.000 0.000 0.000
1.95631E+03 0.000 0.000 0.000 0.000
1.98631E+03 0.000 0.000 0.000 0.000
2.02750E+03 0.000 0.000 0.000 0.000
2.06549E+03 0.000 0.000 0.000 0.000
2.10849E+03 0.000 0.000 0.000 0.000
2.15808E+03 0.000 0.000 0.000 0.000
2.20639E+03 0.000 0.000 0.000 0.000
2.26131E+03 0.000 0.000 0.000 0.000
2.29954E+03 0.000 0.000 0.000 0.000
2.33203E+03 0.000 0.000 0.000 0.000
2.37899E+03 0.000 0.000 0.000 0.000
2.41784E+03 0.000 0.000 0.000 0.000
2.46894E+03 0.000 0.000 0.000 0.000
2.54925E+03 0.000 0.000 0.000 0.000
2.63570E+03 0.000 0.000 0.000 0.000
2.68667E+03 0.000 0.000 0.000 0.000
2.80824E+03 0.000 0.000 0.000 0.000
3.03290E+03 0.000 0.000 0.000 0.000
3.18670E+03 0.000 0.000 0.000 0.000
3.24848E+03 0.000 0.000 0.000 0.000
3.33732E+03 0.000 0.000 0.000 0.000
3.44781E+03 0.000 0.000 0.000 0.000
3.51453E+03 0.000 0.000 0.000 0.000
3.56930E+03 0.000 0.000 0.000 0.000
3.63103E+03 0.000 0.000 0.000 0.000
3.70172E+03 0.000 0.000 0.000 0.000
3.81848E+03 0.000 0.000 0.000 0.000
3.92806E+03 0.000 0.000 0.000 0.000
4.00441E+03 0.000 0.000 0.000 0.000
4.08270E+03 0.000 0.000 0.000 0.000
4.16204E+03 0.000 0.000 0.000 0.000
4.28575E+03 0.000 0.000 0.000 0.000
4.39715E+03 0.000 0.000 0.000 0.000
4.52693E+03 0.000 0.000 0.000 0.000
4.71853E+03 0.000 0.000 0.000 0.000
4.90364E+03 0.000 0.000 0.000 0.000
5.06351E+03 0.000 0.000 0.000 0.000
5.16155E+03 0.000 0.000 0.000 0.000
5.29594E+03 0.000 0.000 0.000 0.000
5.43378E+03 0.000 0.000 0.000 0.000
5.70632E+03 0.000 0.000 0.000 0.000
6.18063E+03 0.000 0.000 0.000 0.000
6.67508E+03 0.000 0.000 0.000 0.000
7.20910E+03 0.000 0.000 0.000 0.000
7.78583E+03 0.000 0.000 0.000 0.000
8.40871E+03 0.000 0.000 0.000 0.000
8.78006E+03 0.000 0.000 0.000 0.000
8.95135E+03 0.000 0.000 0.000 0.000
9.17635E+03 0.000 0.000 0.000 0.000
9.44596E+03 0.000 0.000 0.000 0.000
9.80250E+03 0.000 0.000 0.000 0.000
1.01355E+04 0.000 0.000 0.000 0.000
1.04324E+04 0.000 0.000 0.000 0.000
1.06874E+04 0.000 0.000 0.000 0.000
1.08950E+04 0.000 0.000 0.000 0.000
1.10000E+04 0.000 0.000 0.000 0.000
