%
%   Spline fits to total (rad +dielec) recombination
%   based on Opacity Project data.
%
%   RSS94
%
%   Format
%       Title
%   #species
%   Atom Ion
%   #splinepoints
%       n log(t) a b c d  
%   .....
%
Opacity Project Recombination v1.0.0r 
10
16 02
13
 1  2.000E+00 -1.1357431E+01 -4.6084902E-01  2.9590944E-02  2.6361135E-02
 2  2.250E+00 -1.1470382E+01 -4.4111082E-01  4.9361807E-02 -7.9083392E-02
 3  2.500E+00 -1.1578811E+01 -4.3125806E-01 -9.9507796E-03  2.1148716E-01
 4  2.750E+00 -1.1683942E+01 -3.9657978E-01  1.4866422E-01 -3.9538410E-02
 5  3.000E+00 -1.1774414E+01 -3.2966106E-01  1.1901039E-01 -6.4620896E-01
 6  3.250E+00 -1.1859488E+01 -3.9132015E-01 -3.6564661E-01  4.1311259E-01
 7  3.500E+00 -1.1973716E+01 -4.9668486E-01 -5.5811951E-02  1.2667887E+00
 8  3.750E+00 -1.2081582E+01 -2.8706899E-01  8.9427738E-01 -2.8783063E-01
 9  4.000E+00 -1.2101954E+01  1.0610180E-01  6.7840419E-01 -1.1750042E+00
10  4.250E+00 -1.2051388E+01  2.2499055E-01 -2.0284947E-01 -4.2593894E-01
11  4.500E+00 -1.2014473E+01  4.3702074E-02 -5.2230390E-01 -1.2132723E-01
12  4.750E+00 -1.2038088E+01 -2.4019803E-01 -6.1329912E-01  4.0442233E-02
13  5.000E+00 -1.2135836E+01 -5.3926497E-01  0.0000000E+00  0.0000000E+00
16 03
10
 1  1.500E+00 -1.0967606E+01 -4.5822880E-01  8.1755260E-02 -1.6351048E-01
 2  2.000E+00 -1.1196721E+01 -4.9910640E-01 -1.6351046E-01  1.3080827E+00
 3  2.250E+00 -1.1311278E+01 -3.3559588E-01  8.1755214E-01 -3.2321026E-01
 4  2.500E+00 -1.1349130E+01  1.2578467E-02  5.7514427E-01 -1.6198845E+00
 5  2.750E+00 -1.1335349E+01 -3.5770153E-03 -6.3976635E-01  1.0704220E-01
 6  3.000E+00 -1.1374557E+01 -3.0339006E-01 -5.5948462E-01  5.5694162E-01
 7  3.250E+00 -1.1476670E+01 -4.7870586E-01 -1.4177817E-01  2.7054228E-01
 8  3.500E+00 -1.1600980E+01 -4.9886824E-01  6.1128687E-02  3.5808492E-02
 9  3.750E+00 -1.1721317E+01 -4.6158991E-01  8.7984994E-02 -1.1936111E-02
10  4.000E+00 -1.1831402E+01 -4.1983539E-01  0.0000000E+00  0.0000000E+00
16 04
 9
 1  2.000E+00 -1.0620825E+01 -5.0590614E-01 -1.5431850E-02  5.4425885E-04
 2  2.250E+00 -1.0748258E+01 -5.1352002E-01 -1.5023656E-02 -1.6327763E-03
 3  2.500E+00 -1.0877602E+01 -5.2133800E-01 -1.6248239E-02 -2.7960435E-03
 4  2.750E+00 -1.1008996E+01 -5.2998636E-01 -1.8345267E-02  3.5921491E-01
 5  3.000E+00 -1.1137026E+01 -4.7180607E-01  2.5106619E-01  4.7504215E-01
 6  3.250E+00 -1.1231864E+01 -2.5720240E-01  6.0734800E-01 -9.1904593E-01
 7  3.500E+00 -1.1272565E+01 -1.2584954E-01 -8.1936932E-02 -1.0967438E-01
 8  3.750E+00 -1.1310862E+01 -1.8738176E-01 -1.6419253E-01  3.6557967E-02
 9  4.000E+00 -1.1367398E+01 -2.6262348E-01  0.0000000E+00  0.0000000E+00
16 05
10
 1  2.000E+00 -9.7248092E+00 -5.3350711E-01  1.5327304E-01 -2.0717744E-01
 2  2.250E+00 -9.8518436E+00 -4.9571636E-01 -2.1101221E-03  6.2153220E-01
 3  2.500E+00 -9.9661932E+00 -3.8023397E-01  4.6403936E-01  6.9413311E-01
 4  2.750E+00 -1.0021403E+01 -1.8065459E-02  9.8463800E-01 -1.6025850E+00
 5  3.000E+00 -9.9894202E+00  1.7376875E-01 -2.1730193E-01 -9.9556445E-01
 6  3.250E+00 -9.9751151E+00 -1.2155083E-01 -9.6397570E-01  5.6534248E-01
 7  3.500E+00 -1.0056918E+01 -4.9753716E-01 -5.3996854E-01  8.3641598E-01
 8  3.750E+00 -1.0201981E+01 -6.1069353E-01  8.7342009E-02  1.3043587E-01
 9  4.000E+00 -1.0347157E+01 -5.4256571E-01  1.8516901E-01 -4.3478647E-02
10  4.250E+00 -1.0471905E+01 -4.5813341E-01  0.0000000E+00  0.0000000E+00
16 06
13
 1  2.250E+00 -9.9247323E+00 -5.4689139E-01 -8.3836566E-02  1.6369937E-02
 2  2.500E+00 -1.0066439E+01 -5.8574033E-01 -7.1559105E-02 -4.9110006E-02
 3  2.750E+00 -1.0218114E+01 -6.3072788E-01 -1.0839153E-01  1.1585733E-01
 4  3.000E+00 -1.0380760E+01 -6.6320041E-01 -2.1498437E-02  1.0894538E+00
 5  3.250E+00 -1.0530881E+01 -4.6967682E-01  7.9559235E-01  2.2770208E+00
 6  3.375E+00 -1.0572712E+01 -1.6404610E-01  1.6494695E+00  1.8485457E-01
 7  3.500E+00 -1.0567084E+01  2.5698978E-01  1.7187905E+00 -3.4470802E+00
 8  3.750E+00 -1.0449273E+01  4.7005850E-01 -8.6651369E-01 -4.8109349E-01
 9  4.000E+00 -1.0393432E+01 -5.3403988E-02 -1.2273342E+00  7.7546498E-01
10  4.250E+00 -1.0471375E+01 -5.2167158E-01 -6.4573510E-01  5.8848515E-01
11  4.500E+00 -1.0632957E+01 -7.3419823E-01 -2.0437093E-01  5.0277657E-01
12  4.750E+00 -1.0821423E+01 -7.4211329E-01  1.7271064E-01 -1.6759145E-01
13  5.000E+00 -1.0998776E+01 -6.8718134E-01  0.0000000E+00  0.0000000E+00
18 02
 9
 1  2.000E+00 -1.1528096E+01 -4.8479265E-01  3.3702516E-02 -8.7191092E-03
 2  2.250E+00 -1.1647324E+01 -4.6957621E-01  2.7163180E-02  2.6157323E-02
 3  2.500E+00 -1.1762611E+01 -4.5109011E-01  4.6781186E-02  2.3199870E-03
 4  2.750E+00 -1.1872424E+01 -4.2726457E-01  4.8521173E-02 -1.2670468E-01
 5  3.000E+00 -1.1978187E+01 -4.2676114E-01 -4.6507430E-02 -1.6789214E-01
 6  3.250E+00 -1.2090407E+01 -4.8149468E-01 -1.7242661E-01  1.6912163E-02
 7  3.500E+00 -1.2221294E+01 -5.6453701E-01 -1.5974248E-01  2.2299004E-01
 8  3.750E+00 -1.2368927E+01 -6.0259763E-01  7.4996641E-03 -7.4329685E-02
 9  4.000E+00 -1.2520269E+01 -6.1278464E-01  0.0000000E+00  0.0000000E+00
18 03
 9
 1  2.000E+00 -1.0487559E+01 -4.8039551E-01 -3.0229413E-02  4.9678212E-03
 2  2.250E+00 -1.0609470E+01 -4.9457876E-01 -2.6503545E-02 -1.4903461E-02
 3  2.500E+00 -1.0735004E+01 -5.1062494E-01 -3.7681148E-02 -3.2711602E-02
 4  2.750E+00 -1.0865526E+01 -5.3559887E-01 -6.2214794E-02 -1.4742293E-02
 5  3.000E+00 -1.1003545E+01 -5.6947048E-01 -7.3271525E-02  2.4779462E-01
 6  3.250E+00 -1.1146620E+01 -5.5964472E-01  1.1257455E-01  6.7569912E-03
 7  3.500E+00 -1.1279390E+01 -5.0209047E-01  1.1764230E-01 -2.1625509E-01
 8  3.750E+00 -1.1400939E+01 -4.8381710E-01 -4.4548650E-02  7.2084714E-02
 9  4.000E+00 -1.1523551E+01 -4.9257554E-01  0.0000000E+00  0.0000000E+00
18 04
14
 1  2.000E+00 -1.0288080E+01 -5.2216150E-01  0.0000000E+00  0.0000000E+00
 2  2.125E+00 -1.0353350E+01 -4.7827163E-01  3.0351444E-01  1.1425317E+00
 3  2.250E+00 -1.0406160E+01 -3.4883595E-01  7.3196593E-01 -5.9495217E-01
 4  2.375E+00 -1.0439490E+01 -1.9373369E-01  5.0886034E-01 -1.2988043E+00
 5  2.500E+00 -1.0458292E+01 -1.2740001E-01  2.1804835E-02 -9.1749062E-01
 6  2.625E+00 -1.0475669E+01 -1.6495630E-01 -3.2225467E-01 -1.7669201E-01
 7  2.750E+00 -1.0501668E+01 -2.5380181E-01 -3.8851377E-01  2.7104232E-01
 8  2.875E+00 -1.0538935E+01 -3.3822522E-01 -2.8687279E-01  3.3862964E-01
 9  3.000E+00 -1.0585034E+01 -3.9407019E-01 -1.5988656E-01  1.7331330E-01
10  3.125E+00 -1.0636452E+01 -4.2591768E-01 -9.4894313E-02  5.7634184E-02
11  3.250E+00 -1.0691062E+01 -4.4693975E-01 -7.3281389E-02  4.1249175E-02
12  3.375E+00 -1.0747994E+01 -4.6332644E-01 -5.7813050E-02  5.6639579E-01
13  3.500E+00 -1.0805707E+01 -4.5122960E-01  1.5458707E-01 -1.8880023E-01
14  3.625E+00 -1.0860064E+01 -4.2143281E-01  0.0000000E+00  0.0000000E+00
18 05
10
 1  2.000E+00 -9.5009302E+00 -4.0000000E-01  0.0000000E+00  0.0000000E+00
 2  2.250E+00 -9.5913005E+00 -2.6600104E-01  3.8882980E-01 -8.2908664E-02
 3  2.500E+00 -9.6347944E+00 -8.7131404E-02  3.2664825E-01 -7.9271754E-01
 4  2.750E+00 -9.6485479E+00 -7.2441509E-02 -2.6788854E-01 -2.3009010E-01
 5  3.000E+00 -9.6869965E+00 -2.4952789E-01 -4.4045629E-01  1.0963347E-01
 6  3.250E+00 -9.7751941E+00 -4.4919986E-01 -3.5823114E-01  2.6523685E-01
 7  3.500E+00 -9.9057393E+00 -5.7858358E-01 -1.5930336E-01  3.0138804E-02
 8  3.750E+00 -1.0059870E+01 -6.5258408E-01 -1.3669931E-01  3.6055060E-01
 9  4.000E+00 -1.0225927E+01 -6.5333043E-01  1.3371392E-01 -1.2018360E-01
10  4.250E+00 -1.0382780E+01 -6.0900788E-01  0.0000000E+00  0.0000000E+00
18 06
10
 1  2.750E+00 -9.7326414E+00 -6.5570000E-01  0.0000000E+00  0.0000000E+00
 2  3.000E+00 -9.8964237E+00 -6.4561237E-01 -3.8915263E-02  9.2375812E-01
 3  3.250E+00 -1.0045825E+01 -4.9186516E-01  6.5390373E-01 -3.2822569E-01
 4  3.500E+00 -1.0133051E+01 -2.2645547E-01  4.0773429E-01 -4.6527041E-01
 5  3.750E+00 -1.0171452E+01 -1.0982660E-01  5.8782278E-02 -5.6593799E-01
 6  4.000E+00 -1.0204077E+01 -1.8654901E-01 -3.6567164E-01  1.4574011E-01
 7  4.250E+00 -1.0271292E+01 -3.4205864E-01 -2.5636649E-01  5.4616900E-01
 8  4.500E+00 -1.0364295E+01 -3.6783514E-01  1.5326054E-01 -3.0778769E-01
 9  4.750E+00 -1.0451484E+01 -3.4891498E-01 -7.7579700E-02  1.0259545E-01
10  5.000E+00 -1.0541959E+01 -3.6846818E-01  0.0000000E+00  0.0000000E+00

