% 
% Photo ionisation data for mappings II 2.0.0c
% 
% Interpolated values for Z= 11,13,17,18 where necessary
% Interpolated only along iso sequences for primary ionisations. 
% Potentials obtained from Allen 1973 rather than interplolated. 
% No innershell ioniations interpolated. 
% 
% AlI and NaI are EXTRAPOLATED and are thus not very
% reliable
% 
% Cross sections multiplied by 10^18 cm ^2 
% Ion potentials in eV, must be in ascending potential order
% 
% FORMAT: 
% Title 
% # entries                
% ATOM# ION# ISO Ion. Pot. Auger Sigma Beta S g                
% 
% description
% Atom, Ion, Iso : atomic number, ion state( 1 =neutral etc), num elec. left
% Ionisation potential 
% Auger electron energy
% Sigma, Beta, S: photo. cross section (Daltabuit & Cox 1972)
% g: gaunt factor
%               
%      Note: Entries sorted into increasing potential order.                
%      See iosphiondat for data sorted in to iso series.                
%                
%      See Raymond 1976 (Thesis), Binette 1982 (Thesis)             
%      & Seaton 1959 MNRAS 119:85 for details.                
%                
% RSS  Aug-90,94,97             
%                
Photoionisation cross-sections v1.0.0r                 
310        
11 01 11 5.139080000E+00 0.000E+00 1.000E-01 4.800E+00 1.000E+00 2.00
13 01 13 5.985770000E+00 0.000E+00 3.000E+01 1.000E+00 1.000E+00 2.00
20 01 20 6.113160000E+00 0.000E+00 9.000E-01 1.000E+00 3.000E+00 0.00
28 01 28 7.639800000E+00 0.000E+00 6.400E+00 1.000E+00 2.000E+00 0.00
12 01 12 7.646240000E+00 0.000E+00 1.200E+00 3.000E+00 1.400E+01 0.50
26 01 26 7.902400000E+00 0.000E+00 6.430E+00 1.000E+00 2.000E+00 0.00
14 01 14 8.151690000E+00 0.000E+00 3.920E+01 4.420E+00 5.000E+00 0.50
16 01 16 1.036001000E+01 0.000E+00 3.000E+01 6.000E+00 3.500E+00 1.25
06 01 06 1.126030000E+01 0.000E+00 1.220E+01 3.320E+00 2.000E+00 0.50
20 02 19 1.187172000E+01 0.000E+00 2.090E-01 1.000E+00 3.000E+00 0.00
16 01 16 1.296700000E+01 0.000E+00 2.000E+01 1.800E+01 5.000E+00 1.25
17 01 17 1.296764000E+01 0.000E+00 1.050E+01 3.000E+00 1.500E+00 0.80
14 01 14 1.321000000E+01 0.000E+00 6.700E+01 5.400E+00 2.480E+00 0.00
01 01 01 1.359844000E+01 0.000E+00 6.300E+00 1.340E+00 2.990E+00 2.00
08 01 08 1.361806000E+01 0.000E+00 2.940E+00 2.660E+00 1.000E+00 1.25
07 01 07 1.453414000E+01 0.000E+00 1.140E+01 4.290E+00 2.000E+00 4.00
12 02 11 1.503528000E+01 0.000E+00 2.400E-01 3.710E+00 9.100E-01 2.00
18 01 18 1.575962000E+01 0.000E+00 3.240E+01 4.000E+00 1.500E+00 0.25
26 02 25 1.618780000E+01 0.000E+00 2.760E+00 1.000E+00 2.000E+00 0.00
14 02 13 1.634585000E+01 0.000E+00 1.410E+00 2.310E+00 1.500E+00 2.00
08 01 08 1.689600000E+01 0.000E+00 3.850E+00 4.380E+00 1.500E+00 0.00
28 02 27 1.816884000E+01 0.000E+00 2.600E+00 1.000E+00 2.000E+00 0.00
08 01 08 1.859300000E+01 0.000E+00 2.260E+00 4.310E+00 1.500E+00 0.00
13 02 12 1.882856000E+01 0.000E+00 2.095E+00 2.275E+00 8.160E+00 0.50
06 01 06 2.124756250E+01 0.000E+00 9.260E+00 4.360E+00 2.610E+00 0.00
10 01 10 2.156454000E+01 0.000E+00 5.350E+00 3.770E+00 1.000E+00 0.25
16 02 15 2.333790000E+01 0.000E+00 6.989E+00 1.950E+01 1.210E+01 4.00
17 02 16 2.381400000E+01 0.000E+00 5.250E+00 2.200E+00 2.000E+00 1.25
06 02 05 2.438332000E+01 0.000E+00 4.600E+00 1.950E+00 3.000E+00 2.00
02 01 02 2.458741000E+01 0.000E+00 7.830E+00 1.660E+00 2.050E+00 0.50
07 01 07 2.694000000E+01 0.000E+00 6.950E+00 3.850E+00 2.500E+00 0.00
18 02 17 2.762967000E+01 0.000E+00 3.410E+01 1.500E+01 9.000E+00 0.80
13 03 11 2.844765000E+01 0.000E+00 5.970E-01 2.610E+00 2.025E+00 2.00
07 02 06 2.960130000E+01 0.000E+00 6.650E+00 2.860E+00 3.000E+00 0.50
26 03 24 3.065200000E+01 0.000E+00 2.000E+00 1.000E+00 2.000E+00 0.00
08 01 08 3.100000000E+01 0.000E+00 5.810E+00 3.540E+00 2.370E+00 0.00
06 02 05 3.271000000E+01 0.000E+00 4.780E+00 3.430E+00 2.650E+00 0.00
16 02 15 3.349200000E+01 0.000E+00 6.600E-01 6.500E+00 4.000E+00 4.00
14 03 12 3.349302000E+01 0.000E+00 2.990E+00 1.550E+00 2.320E+00 0.50
16 03 14 3.479000000E+01 0.000E+00 4.500E-01 6.000E+00 1.050E+00 0.50
08 02 07 3.511730000E+01 0.000E+00 7.320E+00 3.840E+00 2.500E+00 4.00
28 03 26 3.519000000E+01 0.000E+00 7.000E-01 1.000E+00 2.000E+00 0.00
17 03 15 3.961000000E+01 0.000E+00 2.820E+00 2.000E+00 3.000E+00 4.00
18 03 16 4.074000000E+01 0.000E+00 6.900E-01 3.600E+01 1.200E+01 1.25
10 02 09 4.096328000E+01 0.000E+00 4.160E+00 2.720E+00 1.500E+00 0.80
07 02 06 4.122000000E+01 0.000E+00 3.980E+00 2.920E+00 2.540E+00 0.00
10 02 09 4.427700000E+01 0.000E+00 2.710E+00 2.150E+00 1.500E+00 0.00
10 01 10 4.500000000E+01 0.000E+00 3.450E+00 2.730E+00 2.050E+00 0.00
14 04 11 4.514181000E+01 0.000E+00 9.540E-01 1.510E+00 3.140E+00 2.00
16 04 13 4.722200000E+01 0.000E+00 6.900E-02 4.000E+00 1.500E+00 2.00
11 02 10 4.728640000E+01 0.000E+00 5.635E+00 3.110E+00 1.400E+00 0.25
07 03 05 4.744924000E+01 0.000E+00 2.060E+00 1.630E+00 3.000E+00 2.00
06 03 04 4.788780000E+01 0.000E+00 3.890E-01 4.300E+00 1.700E+00 0.50
10 02 09 4.798400000E+01 0.000E+00 5.200E-01 2.130E+00 1.500E+00 0.00
08 02 07 4.956000000E+01 0.000E+00 3.210E+00 2.520E+00 2.390E+00 0.00
18 03 16 5.091000000E+01 0.000E+00 6.000E-01 9.000E+00 3.000E+00 1.25
20 03 18 5.091310000E+01 0.000E+00 4.800E+00 1.000E+00 2.000E+00 0.25
12 01 12 5.140000000E+01 2.870E+01 4.570E+01 1.000E+00 2.640E+00 0.00
17 04 14 5.346520000E+01 0.000E+00 1.740E+00 1.500E+00 3.000E+00 0.50
02 02 01 5.441778000E+01 0.000E+00 1.580E+00 1.340E+00 2.990E+00 2.00
26 04 23 5.480000000E+01 0.000E+00 1.300E+00 1.000E+00 2.000E+00 0.00
28 04 25 5.490000000E+01 0.000E+00 4.000E-01 1.000E+00 2.000E+00 0.00
08 03 06 5.493550000E+01 0.000E+00 3.650E+00 2.010E+00 3.000E+00 0.50
07 03 05 5.730000000E+01 0.000E+00 2.920E+00 2.210E+00 2.600E+00 0.00
18 04 15 5.981000000E+01 0.000E+00 1.800E+00 1.000E+00 5.000E+00 4.00
10 03 08 6.345000000E+01 0.000E+00 1.800E+00 2.280E+00 2.000E+00 1.25
06 04 03 6.449390000E+01 0.000E+00 5.610E-01 1.710E+00 2.160E+00 2.00
20 04 17 6.727000000E+01 0.000E+00 3.700E+00 1.000E+00 2.000E+00 0.80
18 04 15 6.770000000E+01 0.000E+00 1.150E+00 4.000E+00 2.000E+00 4.00
17 05 13 6.778521391E+01 0.000E+00 4.570E-01 1.500E+00 1.900E+00 2.00
08 03 06 6.856000000E+01 0.000E+00 2.440E+00 1.820E+00 2.440E+00 0.00
10 03 08 6.878100000E+01 0.000E+00 2.500E+00 2.350E+00 2.500E+00 0.00
12 02 11 7.060000000E+01 0.000E+00 1.560E+01 1.760E+00 2.630E+00 0.00
10 03 08 7.146500000E+01 0.000E+00 1.480E+00 2.230E+00 2.500E+00 0.00
11 03 09 7.162000000E+01 0.000E+00 3.375E+00 2.380E+00 1.770E+00 0.80
10 02 09 7.225000000E+01 0.000E+00 2.250E+00 1.710E+00 2.060E+00 0.00
16 05 12 7.259450000E+01 0.000E+00 4.950E-01 1.500E+00 1.500E+00 0.50
26 05 22 7.500000000E+01 0.000E+00 9.000E-01 1.000E+00 2.000E+00 0.00
18 05 14 7.502000000E+01 0.000E+00 9.000E-01 5.000E+00 2.000E+00 0.50
28 05 24 7.606000000E+01 0.000E+00 5.000E-01 1.000E+00 2.000E+00 0.00
08 04 05 7.741353000E+01 0.000E+00 1.270E+00 8.300E-01 3.000E+00 2.00
07 04 04 7.747350000E+01 0.000E+00 4.810E-01 3.000E+00 1.900E+00 0.50
12 03 10 8.014370000E+01 0.000E+00 5.920E+00 2.450E+00 1.800E+00 0.25
20 05 16 8.450000000E+01 0.000E+00 4.900E-01 1.000E+00 2.000E+00 1.25
16 06 11 8.805300000E+01 0.000E+00 1.950E-01 4.000E-01 3.000E+00 2.00
08 04 05 8.873000000E+01 0.000E+00 2.120E+00 1.260E+00 2.560E+00 0.00
12 01 12 8.940000000E+01 6.670E+01 1.580E+00 1.000E+00 1.550E+00 0.00
18 06 13 9.100900000E+01 0.000E+00 3.535E-01 1.350E+00 2.050E+00 2.00
10 03 08 9.310000000E+01 0.000E+00 1.750E+00 1.160E+00 2.090E+00 0.00
17 06 12 9.703000000E+01 0.000E+00 9.933E-02 9.000E-01 2.753E+00 2.00
10 04 07 9.712000000E+01 0.000E+00 3.110E+00 1.960E+00 3.000E+00 4.00
07 05 03 9.789020000E+01 0.000E+00 3.920E-01 2.300E+00 2.540E+00 2.00
11 04 08 9.891000000E+01 0.000E+00 1.359E+00 2.690E+00 2.450E+00 1.25
26 06 21 9.910000000E+01 0.000E+00 7.000E-01 1.000E+00 2.000E+00 0.00
16 01 16 1.000000000E+02 0.000E+00 3.210E+00 1.000E+00 2.340E+00 0.00
16 02 15 1.000000000E+02 0.000E+00 3.730E+00 1.000E+00 2.310E+00 0.00
16 03 14 1.000000000E+02 0.000E+00 4.410E+00 1.000E+00 2.290E+00 0.00
16 04 13 1.000000000E+02 0.000E+00 5.100E+00 1.000E+00 2.260E+00 0.00
12 01 12 1.030000000E+02 8.030E+01 1.270E+00 1.000E+00 1.550E+00 0.00
28 06 23 1.080000000E+02 0.000E+00 5.000E-01 1.000E+00 2.000E+00 0.00
20 06 15 1.087800000E+02 0.000E+00 3.100E-01 1.300E+00 1.750E+00 4.00
12 04 09 1.092655000E+02 0.000E+00 2.590E+00 2.040E+00 2.040E+00 0.80
12 02 11 1.110000000E+02 1.580E+01 1.110E+00 1.000E+00 1.560E+00 0.00
08 05 04 1.138990000E+02 0.000E+00 4.620E-01 1.860E+00 1.780E+00 0.50
17 07 11 1.141958000E+02 0.000E+00 1.440E-01 6.000E-01 3.000E+00 2.00
14 01 14 1.160000000E+02 9.150E+01 5.780E+00 1.000E+00 2.020E+00 0.00
10 04 07 1.170000000E+02 0.000E+00 1.310E+00 1.000E+00 2.180E+00 0.00
13 04 10 1.199920000E+02 0.000E+00 4.740E+00 2.260E+00 1.950E+00 0.25
12 03 10 1.219200000E+02 0.000E+00 1.110E+00 1.000E+00 1.630E+00 0.00
18 07 12 1.243230000E+02 0.000E+00 8.567E-02 8.000E-01 2.627E+00 2.00
26 07 20 1.249800000E+02 0.000E+00 6.000E-01 1.000E+00 2.000E+00 0.00
14 02 13 1.250000000E+02 7.520E+01 5.430E+00 1.000E+00 2.210E+00 0.00
10 05 06 1.262100000E+02 0.000E+00 1.380E+00 1.470E+00 3.000E+00 0.50
20 07 14 1.272000000E+02 0.000E+00 3.600E-01 1.000E+00 2.000E+00 0.50
28 07 22 1.330000000E+02 0.000E+00 4.000E-01 1.000E+00 2.000E+00 0.00
14 03 12 1.370000000E+02 5.840E+01 5.030E+00 1.000E+00 2.370E+00 0.00
08 06 03 1.381197000E+02 0.000E+00 3.020E-01 1.611E+00 2.260E+00 2.00
11 05 07 1.384000000E+02 0.000E+00 2.425E+00 2.030E+00 2.900E+00 4.00
12 05 08 1.412700000E+02 0.000E+00 9.180E-01 3.100E+00 2.900E+00 1.25
18 08 11 1.434600000E+02 0.000E+00 9.300E-02 8.000E-01 3.000E+00 2.00
10 05 06 1.440000000E+02 0.000E+00 1.150E+00 1.000E+00 2.330E+00 0.00
20 08 13 1.472400000E+02 0.000E+00 2.500E-01 1.200E+00 2.200E+00 2.00
14 01 14 1.487000000E+02 1.242E+02 7.060E-01 1.000E+00 1.530E+00 0.00
12 04 09 1.500000000E+02 0.000E+00 8.970E-01 1.000E+00 1.750E+00 0.00
26 08 19 1.510600000E+02 0.000E+00 5.000E-01 1.000E+00 2.000E+00 0.00
14 04 11 1.520000000E+02 0.000E+00 4.540E+00 1.000E+00 2.590E+00 0.00
13 05 09 1.538250000E+02 0.000E+00 2.055E+00 1.995E+00 2.190E+00 0.80
10 06 05 1.579300000E+02 0.000E+00 4.900E-01 1.145E+00 3.000E+00 2.00
28 08 21 1.620000000E+02 0.000E+00 3.000E-01 1.000E+00 2.000E+00 0.00
14 05 10 1.667670000E+02 0.000E+00 3.560E+00 2.070E+00 2.100E+00 0.25
14 01 14 1.680000000E+02 1.435E+02 7.060E-01 1.000E+00 1.530E+00 0.00
11 06 06 1.721800000E+02 0.000E+00 1.134E+00 1.785E+00 3.050E+00 0.50
14 02 13 1.770000000E+02 1.272E+02 6.370E-01 1.000E+00 1.600E+00 0.00
12 05 08 1.800000000E+02 0.000E+00 7.620E-01 1.000E+00 1.960E+00 0.00
16 01 16 1.820000000E+02 1.483E+02 3.660E+00 1.000E+00 2.250E+00 0.00
12 06 07 1.867600000E+02 0.000E+00 1.740E+00 2.100E+00 2.800E+00 4.00
20 09 12 1.885400000E+02 0.000E+00 7.200E-02 7.000E-01 2.500E+00 0.50
14 03 12 1.890000000E+02 1.104E+02 5.640E-01 1.000E+00 1.620E+00 0.00
13 06 08 1.904900000E+02 0.000E+00 7.105E-01 2.940E+00 2.880E+00 1.25
28 09 20 1.930000000E+02 0.000E+00 3.000E-01 1.000E+00 2.000E+00 0.00
16 02 15 1.940000000E+02 1.358E+02 3.460E+00 1.000E+00 2.350E+00 0.00
14 04 11 2.040000000E+02 0.000E+00 4.910E-01 1.000E+00 1.690E+00 0.00
14 06 09 2.052700000E+02 0.000E+00 1.520E+00 1.950E+00 2.340E+00 0.80
16 03 14 2.070000000E+02 1.249E+02 3.250E+00 1.000E+00 2.510E+00 0.00
10 07 04 2.072759000E+02 0.000E+00 3.340E-01 1.560E+00 1.940E+00 0.50
11 07 05 2.085000000E+02 0.000E+00 4.035E-01 1.063E+00 2.800E+00 2.00
20 10 11 2.112750000E+02 0.000E+00 4.200E-02 1.000E+00 3.000E+00 2.00
14 05 10 2.200000000E+02 0.000E+00 5.650E-01 1.000E+00 1.760E+00 0.00
16 04 13 2.230000000E+02 1.030E+02 2.890E+00 1.000E+00 2.600E+00 0.00
28 10 19 2.246000000E+02 0.000E+00 2.000E-01 1.000E+00 2.000E+00 0.00
12 07 06 2.250200000E+02 0.000E+00 8.870E-01 2.100E+00 3.100E+00 0.50
26 09 18 2.336000000E+02 0.000E+00 6.920E-01 1.000E+00 2.000E+00 0.25
10 08 03 2.390989000E+02 0.000E+00 1.840E-01 1.230E+00 2.020E+00 2.00
16 05 12 2.410000000E+02 0.000E+00 2.450E+00 1.000E+00 2.650E+00 0.00
13 07 07 2.417600000E+02 0.000E+00 1.380E+00 1.910E+00 2.800E+00 4.00
16 01 16 2.450000000E+02 2.113E+02 4.450E-01 1.000E+00 1.540E+00 0.00
14 07 08 2.465000000E+02 0.000E+00 5.030E-01 2.780E+00 2.860E+00 1.25
16 02 15 2.570000000E+02 1.988E+02 4.070E-01 1.000E+00 1.600E+00 0.00
26 10 17 2.621000000E+02 0.000E+00 1.160E-01 1.000E+00 2.000E+00 0.80
11 08 04 2.642500000E+02 0.000E+00 2.875E-01 1.285E+00 1.820E+00 0.50
12 08 05 2.659600000E+02 0.000E+00 3.170E-01 9.800E-01 2.600E+00 2.00
16 03 14 2.710000000E+02 1.889E+02 3.680E-01 1.000E+00 1.610E+00 0.00
06 01 06 2.800000000E+02 2.444E+02 1.060E+00 1.000E+00 2.470E+00 0.00
16 07 10 2.809480000E+02 0.000E+00 2.320E+00 2.230E+00 2.560E+00 0.25
13 08 06 2.846600000E+02 0.000E+00 6.955E-01 2.150E+00 3.150E+00 0.50
16 04 13 2.870000000E+02 1.670E+02 3.330E-01 1.000E+00 1.630E+00 0.00
26 11 16 2.902000000E+02 0.000E+00 2.350E-02 1.000E+00 2.000E+00 1.25
06 02 05 2.960000000E+02 2.237E+02 9.970E-01 1.000E+00 2.480E+00 0.00
11 09 03 2.998640000E+02 0.000E+00 1.550E-01 9.800E-01 1.860E+00 2.00
14 08 07 3.035400000E+02 0.000E+00 1.020E+00 1.720E+00 2.800E+00 4.00
16 05 12 3.050000000E+02 0.000E+00 3.030E-01 1.000E+00 1.720E+00 0.00
06 03 04 3.170000000E+02 2.046E+02 9.300E-01 1.000E+00 2.490E+00 0.00
28 11 18 3.210000000E+02 0.000E+00 4.300E-01 1.000E+00 2.000E+00 0.25
12 09 04 3.280600000E+02 0.000E+00 2.410E-01 1.010E+00 1.700E+00 0.50
16 08 09 3.287500000E+02 0.000E+00 8.850E-01 2.000E+00 2.700E+00 0.80
13 09 05 3.301300000E+02 0.000E+00 2.540E-01 1.090E+00 2.700E+00 2.00
26 12 15 3.308000000E+02 0.000E+00 9.540E-02 1.000E+00 2.000E+00 4.00
06 04 03 3.470000000E+02 0.000E+00 8.500E-01 1.000E+00 2.510E+00 0.00
17 08 10 3.482800000E+02 0.000E+00 1.893E+00 2.247E+00 2.687E+00 0.25
14 09 06 3.511200000E+02 0.000E+00 5.040E-01 2.200E+00 3.200E+00 0.50
28 12 17 3.520000000E+02 0.000E+00 5.200E-02 1.000E+00 2.000E+00 0.80
26 13 14 3.610000000E+02 0.000E+00 9.540E-02 1.000E+00 2.000E+00 0.50
12 10 03 3.675000000E+02 0.000E+00 1.260E-01 7.300E-01 1.700E+00 2.00
16 09 08 3.795500000E+02 0.000E+00 3.180E-01 1.840E+00 2.600E+00 1.25
28 13 16 3.840000000E+02 0.000E+00 1.400E-02 1.000E+00 2.000E+00 1.25
06 05 02 3.920870000E+02 0.000E+00 4.720E-01 1.420E+00 2.780E+00 0.50
26 14 13 3.922000000E+02 0.000E+00 6.870E-02 1.000E+00 2.000E+00 2.00
07 01 07 3.950000000E+02 3.509E+02 7.470E-01 1.000E+00 2.530E+00 0.00
13 10 04 3.987500000E+02 0.000E+00 2.105E-01 7.100E-01 1.800E+00 0.50
17 09 09 4.000600000E+02 0.000E+00 7.150E-01 1.967E+00 2.713E+00 0.80
14 10 05 4.013700000E+02 0.000E+00 1.910E-01 1.200E+00 2.800E+00 2.00
07 02 06 4.120000000E+02 3.350E+02 7.170E-01 1.000E+00 2.540E+00 0.00
18 09 10 4.224500000E+02 0.000E+00 1.467E+00 2.263E+00 2.813E+00 0.25
28 14 15 4.300000000E+02 0.000E+00 7.100E-02 1.000E+00 2.000E+00 4.00
07 03 05 4.320000000E+02 3.071E+02 6.830E-01 1.000E+00 2.540E+00 0.00
13 11 03 4.420000000E+02 0.000E+00 1.081E-01 5.750E-01 1.600E+00 2.00
16 10 07 4.475000000E+02 0.000E+00 6.460E-01 8.300E-01 2.300E+00 4.00
17 10 08 4.556300000E+02 0.000E+00 2.587E-01 1.370E+00 2.300E+00 1.25
26 15 12 4.570000000E+02 0.000E+00 1.600E-03 1.000E+00 2.000E+00 0.50
07 04 04 4.590000000E+02 2.836E+02 6.430E-01 1.000E+00 2.550E+00 0.00
28 15 14 4.640000000E+02 0.000E+00 6.600E-02 1.000E+00 2.000E+00 0.50
14 11 04 4.763600000E+02 0.000E+00 1.800E-01 4.100E-01 1.900E+00 0.50
18 10 09 4.786900000E+02 0.000E+00 5.450E-01 1.933E+00 2.727E+00 0.80
26 16 11 4.892560000E+02 0.000E+00 9.500E-03 1.000E+00 2.000E+00 2.00
06 06 01 4.899933400E+02 0.000E+00 1.940E-01 1.287E+00 2.950E+00 2.00
07 05 03 4.960000000E+02 0.000E+00 5.950E-01 1.000E+00 2.570E+00 0.00
28 16 13 4.990000000E+02 0.000E+00 6.300E-02 1.000E+00 2.000E+00 2.00
16 11 06 5.048000000E+02 0.000E+00 3.280E-01 2.100E+00 3.300E+00 0.50
14 12 03 5.234200000E+02 0.000E+00 9.020E-02 4.200E-01 1.500E+00 2.00
17 11 07 5.292800000E+02 0.000E+00 5.327E-01 7.533E-01 2.300E+00 4.00
08 01 08 5.330000000E+02 4.843E+02 5.540E-01 1.000E+00 2.580E+00 0.00
18 11 08 5.389600000E+02 0.000E+00 1.993E-01 9.000E-01 2.000E+00 1.25
08 02 07 5.500000000E+02 4.599E+02 5.370E-01 1.000E+00 2.590E+00 0.00
07 06 02 5.520718000E+02 0.000E+00 3.220E-01 1.430E+00 2.820E+00 0.50
16 12 05 5.644400000E+02 0.000E+00 1.260E-01 4.250E-01 2.100E+00 2.00
08 03 06 5.700000000E+02 4.377E+02 5.180E-01 1.000E+00 2.590E+00 0.00
28 17 12 5.710800000E+02 0.000E+00 1.200E-03 1.000E+00 2.000E+00 0.50
20 11 10 5.919000000E+02 0.000E+00 1.040E+00 2.280E+00 2.940E+00 0.25
17 12 06 5.919900000E+02 0.000E+00 2.707E-01 2.097E+00 3.320E+00 0.50
08 04 05 5.950000000E+02 4.037E+02 4.960E-01 1.000E+00 2.600E+00 0.00
28 18 11 6.070600000E+02 0.000E+00 6.500E-03 1.000E+00 2.000E+00 2.00
18 12 07 6.182600000E+02 0.000E+00 4.193E-01 6.767E-01 2.300E+00 4.00
08 05 04 6.270000000E+02 0.000E+00 4.700E-01 1.000E+00 2.610E+00 0.00
16 13 04 6.522000000E+02 0.000E+00 1.360E-01 4.100E-01 1.300E+00 0.50
17 13 05 6.567100000E+02 0.000E+00 1.044E-01 4.300E-01 2.133E+00 2.00
20 12 09 6.572000000E+02 0.000E+00 3.750E-01 1.900E+00 2.740E+00 0.80
07 07 01 6.670460000E+02 0.000E+00 1.420E-01 1.287E+00 2.950E+00 2.00
18 13 06 6.861000000E+02 0.000E+00 2.133E-01 2.093E+00 3.340E+00 0.50
16 14 03 7.070100000E+02 0.000E+00 6.830E-02 4.200E-01 1.500E+00 2.00
20 13 08 7.266000000E+02 0.000E+00 1.400E-01 4.300E-01 1.700E+00 1.25
08 07 02 7.392900000E+02 0.000E+00 2.460E-01 1.460E+00 2.860E+00 0.50
17 14 04 7.497600000E+02 0.000E+00 1.189E-01 7.300E-01 1.593E+00 0.50
18 14 05 7.557400000E+02 0.000E+00 8.280E-02 4.350E-01 2.167E+00 2.00
17 15 03 8.094000000E+02 0.000E+00 5.913E-02 4.200E-01 1.500E+00 2.00
20 14 07 8.176000000E+02 0.000E+00 3.060E-01 6.000E-01 2.300E+00 4.00
18 15 04 8.547700000E+02 0.000E+00 1.019E-01 1.050E+00 1.887E+00 0.50
08 08 01 8.714101000E+02 0.000E+00 1.090E-01 1.287E+00 2.950E+00 2.00
10 01 10 8.780000000E+02 8.155E+02 3.360E-01 1.000E+00 2.670E+00 0.00
20 15 06 8.945000000E+02 0.000E+00 1.560E-01 2.090E+00 3.360E+00 0.50
10 02 09 8.960000000E+02 7.916E+02 3.290E-01 1.000E+00 2.680E+00 0.00
10 03 08 9.160000000E+02 7.554E+02 3.220E-01 1.000E+00 2.680E+00 0.00
18 16 03 9.180300000E+02 0.000E+00 4.997E-02 4.200E-01 1.500E+00 2.00
10 04 07 9.400000000E+02 7.167E+02 3.140E-01 1.000E+00 2.690E+00 0.00
10 05 06 9.680000000E+02 0.000E+00 3.050E-01 1.000E+00 2.690E+00 0.00
20 16 05 9.740000000E+02 0.000E+00 6.120E-02 4.400E-01 2.200E+00 2.00
20 17 04 1.087000000E+03 0.000E+00 8.480E-02 1.370E+00 2.180E+00 0.50
20 18 03 1.157800000E+03 0.000E+00 4.080E-02 4.200E-01 1.500E+00 2.00
10 09 02 1.195828600E+03 0.000E+00 1.510E-01 1.460E+00 2.900E+00 0.50
26 17 10 1.266000000E+03 0.000E+00 4.230E-01 2.200E+00 3.200E+00 0.25
12 01 12 1.320000000E+03 1.297E+03 2.230E-01 1.000E+00 2.750E+00 0.00
12 02 11 1.340000000E+03 1.245E+03 2.200E-01 1.000E+00 2.750E+00 0.00
26 18 09 1.358000000E+03 0.000E+00 1.430E-01 2.440E+00 3.120E+00 0.80
12 03 10 1.359844000E+03 1.171E+03 2.170E-01 1.000E+00 2.760E+00 0.00
10 10 01 1.362199500E+03 0.000E+00 7.060E-02 1.287E+00 2.950E+00 2.00
12 04 09 1.380000000E+03 1.130E+03 2.130E-01 1.000E+00 2.760E+00 0.00
12 05 08 1.410000000E+03 0.000E+00 2.100E-01 1.000E+00 2.760E+00 0.00
26 19 08 1.456000000E+03 0.000E+00 5.750E-02 4.500E-01 1.900E+00 1.25
11 10 02 1.465121000E+03 0.000E+00 1.265E-01 1.460E+00 2.915E+00 0.50
28 19 10 1.541000000E+03 0.000E+00 3.260E-01 2.100E+00 3.200E+00 0.25
26 20 07 1.582000000E+03 0.000E+00 1.300E-01 4.520E-01 2.260E+00 4.00
28 20 09 1.648000000E+03 0.000E+00 1.090E-01 2.200E+00 3.000E+00 0.80
11 11 01 1.648702000E+03 0.000E+00 5.575E-02 1.287E+00 2.950E+00 2.00
26 21 06 1.689000000E+03 0.000E+00 6.640E-02 2.450E+00 3.620E+00 0.50
28 21 08 1.756000000E+03 0.000E+00 4.450E-02 4.600E-01 1.900E+00 1.25
12 11 02 1.761805000E+03 0.000E+00 1.020E-01 1.460E+00 2.930E+00 0.50
26 22 05 1.799000000E+03 0.000E+00 2.700E-02 4.480E-01 2.280E+00 2.00
14 01 14 1.870000000E+03 1.846E+03 1.580E-01 1.000E+00 2.820E+00 0.00
14 02 13 1.880000000E+03 1.830E+03 1.570E-01 1.000E+00 2.820E+00 0.00
28 22 07 1.894000000E+03 0.000E+00 1.010E-01 4.700E-01 2.300E+00 4.00
14 03 12 1.910000000E+03 1.831E+03 1.550E-01 1.000E+00 2.820E+00 0.00
14 04 11 1.930000000E+03 1.718E+03 1.530E-01 1.000E+00 2.820E+00 0.00
14 05 10 1.950000000E+03 0.000E+00 1.510E-01 1.000E+00 2.830E+00 0.00
26 23 04 1.950000000E+03 0.000E+00 4.840E-02 1.160E+00 2.080E+00 0.50
12 12 01 1.962665000E+03 0.000E+00 4.090E-02 1.287E+00 2.950E+00 2.00
28 23 06 2.011000000E+03 0.000E+00 5.200E-02 1.700E+00 3.200E+00 0.50
26 24 03 2.023000000E+03 0.000E+00 2.410E-02 4.100E-01 1.600E+00 2.00
13 12 02 2.085980000E+03 0.000E+00 8.760E-02 1.460E+00 2.940E+00 0.50
28 24 05 2.131000000E+03 0.000E+00 2.140E-02 4.200E-01 2.200E+00 2.00
28 25 04 2.295000000E+03 0.000E+00 4.160E-02 2.050E+00 2.660E+00 0.50
13 13 01 2.304141000E+03 0.000E+00 3.845E-02 1.287E+00 2.950E+00 2.00
28 26 03 2.399200000E+03 0.000E+00 2.100E-02 2.160E+00 2.860E+00 2.00
14 13 02 2.437630000E+03 0.000E+00 7.320E-02 1.460E+00 2.950E+00 0.50
16 01 16 2.520000000E+03 2.486E+03 1.170E-01 1.000E+00 2.880E+00 0.00
16 02 15 2.540000000E+03 2.482E+03 1.160E-01 1.000E+00 2.880E+00 0.00
16 03 14 2.560000000E+03 2.478E+03 1.150E-01 1.000E+00 2.880E+00 0.00
16 04 13 2.580000000E+03 2.460E+03 1.140E-01 1.000E+00 2.880E+00 0.00
16 05 12 2.600000000E+03 0.000E+00 1.130E-01 1.000E+00 2.880E+00 0.00
14 14 01 2.673182000E+03 0.000E+00 3.600E-02 1.287E+00 2.950E+00 2.00
17 01 17 2.880000000E+03 2.843E+03 1.020E-01 1.000E+00 2.910E+00 0.00
17 02 16 2.901000000E+03 2.838E+03 1.020E-01 1.000E+00 2.910E+00 0.00
17 03 15 2.922000000E+03 2.829E+03 1.010E-01 1.000E+00 2.910E+00 0.00
17 04 14 2.944000000E+03 2.823E+03 1.000E-01 1.000E+00 2.910E+00 0.00
17 05 13 2.968000000E+03 0.000E+00 1.000E-01 1.000E+00 2.910E+00 0.00
16 15 02 3.223780000E+03 0.000E+00 5.520E-02 1.450E+00 2.960E+00 0.50
18 01 18 3.276000000E+03 3.233E+03 9.000E-02 1.000E+00 2.930E+00 0.00
18 02 17 3.295000000E+03 3.227E+03 9.000E-02 1.000E+00 2.930E+00 0.00
18 03 16 3.315000000E+03 3.215E+03 8.900E-02 1.000E+00 2.930E+00 0.00
18 04 15 3.337000000E+03 3.202E+03 8.800E-02 1.000E+00 2.940E+00 0.00
18 05 14 3.361000000E+03 0.000E+00 8.800E-02 1.000E+00 2.940E+00 0.00
16 16 01 3.494189200E+03 0.000E+00 2.760E-02 1.287E+00 2.950E+00 2.00
17 16 02 3.658521000E+03 0.000E+00 4.847E-02 1.450E+00 2.967E+00 0.50
17 17 01 3.946296000E+03 0.000E+00 2.427E-02 1.287E+00 2.950E+00 2.00
18 17 02 4.120885700E+03 0.000E+00 4.173E-02 1.440E+00 2.973E+00 0.50
18 18 01 4.426229600E+03 0.000E+00 2.093E-02 1.287E+00 2.950E+00 2.00
20 19 02 5.128800000E+03 0.000E+00 3.500E-02 1.440E+00 2.980E+00 0.50
20 20 01 5.469864000E+03 0.000E+00 1.760E-02 1.287E+00 2.950E+00 2.00
26 25 02 8.828000000E+03 0.000E+00 2.010E-02 1.440E+00 3.000E+00 0.50
26 26 01 9.277690000E+03 0.000E+00 1.040E-02 1.287E+00 2.950E+00 2.00
28 27 02 1.028880000E+04 0.000E+00 1.750E-02 1.440E+00 3.010E+00 0.50
28 28 01 1.077540000E+04 0.000E+00 9.000E-03 1.287E+00 2.950E+00 2.00
