Stellar atmosphere data v1.0.0r 
 TMET(8,11)
   1
    0.0E+00          0.000E+00        0.7575726E+00   -0.159169E-02
   -0.1985991E-01   -0.98413E-02      0.830551E-04     0.1075963E-02
    0.00E+00         0.681431E+02    -0.4255537E+01
   2
    0.7E+01          0.3509E+02       0.314444E-01     0.16343E-01
   -0.371326E-02    -0.371075E-02    -0.6619619E-03    0.000E+00
    0.000E+00        0.96153846E+02  -0.5846154E+01
   3
    0.8E+01          0.4094E+02       0.3031616E-01    0.765906E-01
    0.837615E-01    -0.132284E-02    -0.3279127E-01   -0.4476715E-02
    0.2514205E-02    0.68143100E+02  -0.4255537E+01
   4
    0.9E+01          0.4094E+02       0.2927932E+00    0.6131632E-01
   -0.1862348E+00   -0.557026E-02     0.6032873E-01   -0.234595E-02
   -0.797052E-02     0.681431E+02    -0.4255537E+01
   5
    0.10E+02         0.476E+02        0.3322903E+00    0.16605E+00
   -0.143015E+00    -0.1170316E+00    0.14298E-01      0.17661065E-01
    0.000E+00        0.77220077E+02  -0.5088803E+01
   6
    0.11E+02         0.476E+02        0.4166615E+00   -0.8669713E-01
   -0.894666E-01     0.1448678E+01    0.116906E-02     0.000E+00
    0.000E+00        0.77220077E+02  -0.5088031E+01
   7
    0.12E+02         0.5440E+02       0.5289105E+00   -0.49557E-01
   -0.32981E-01      0.1695176E-01   -0.365545E-02     0.000E+00
    0.000E+00        0.96153846E+02  -0.58461538E+01
   8
    0.13E+02         0.5440E+02       0.5603866E+00   -0.325798E-01
   -0.2059958E-01   -0.2174769E-03    0.000E+00        0.000E+00
    0.000E+00        0.96153846E+02  -0.58461538E+01
 TNO4(16,11)                                                                     
   1
    0.1E+01          0.7890E+01       0.100125E+01     0.460339E-01
   -0.4748037E-02   -0.128522E-02    -0.1826406E-02   -0.5635755E-04
    0.00E+00         0.681431E+02    -0.4255537E+01
   2
    0.2E+01          0.136E+02        0.1110203E+01    0.630434E-01
   -0.941954E-02     0.1648795E-03    0.902942E-03     0.706453E-03
    0.00E+00         0.681431E+02    -0.4255537E+01
   3
    0.3E+01          0.136E+02        0.898544E+00     0.309878E-02
   -0.143816E-01    -0.1293695E-01   -0.359295E-02    -0.6720707E-05
    0.00E+00         0.681431E+02    -0.4255537E+01
   4
    0.4E+01          0.2458E+02       0.10340095E+01   0.859576E-02
    0.1929147E-02   -0.321353E-02    -0.891212E-02    -0.28919E-02
    0.00E+00         0.681431E+02   -0.4255537E+01
   5
    0.5E+01          0.2458E+02       0.9643521E+00   -0.100198E+00
   -0.38155E-01      0.104088E-01     0.595929E-03    -0.193724E-02
    0.00E+00         0.681431E+02    -0.4255537E+01
   6
    0.6E+01          0.3509E+02       0.1114586E+01   -0.973864E-01
   -0.962364E-01    -0.185174E-01     0.908372E-02     0.3497481E-02
    0.00E+00         0.681431E+02    -0.4255537E+01
   7
    0.7E+01          0.3509E+02       0.107827E+01    -0.116182E+00
   -0.731987E-01    -0.442584E-02     0.559988E-02     0.114805E-02
    0.00E+00         0.681431E+02    -0.4255537E+01
   8
    0.8E+01          0.4094E+02       0.1166551E+01   -0.902472E-01
   -0.9284767E-01   -0.242074E-01     0.682428E-02     0.3647485E-02
    0.00E+00         0.681431E+02    -0.4255537E+01
   9
    0.9E+01          0.4094E+02       0.905211E+00    -0.167858E+00
    0.5247248E-01    0.2220574E-01   -0.13444896E-01  -0.309341E-02
    0.00E+00         0.681431E+02    -0.4255537E+01
  10
    0.10E+02         0.4760E+02       0.98167576E+00  -0.2355428E+00
    0.22527E-01      0.52820E-01     -0.87816E-02     -0.751869E-02
    0.00E+00         0.681431E+02    -0.4255537E+01
  11
    0.11E+02         0.4760E+02       0.8276752E+00   -0.1164673E-01
    0.5967762E-01   -0.7632199E-01   -0.934105E-02     0.1116195E-01
    0.00E+00         0.681431E+02    -0.4255537E+01
  12
    0.12E+02         0.5440E+02       0.807572E+00     0.4269086E-01
    0.142811E-01    -0.762015E-01     0.350822E-02     0.7652163E-02
    0.00E+00         0.681431E+02    -0.4255537E+01
  13
    0.13E+02         0.5440E+02       0.779567E+00    -0.1743922E-02
   -0.19003E-01     -0.105201E-01    -0.5682972E-03    0.8489154E-03
    0.00E+00         0.681431E+02    -0.4255537E+01
  14
    0.14E+02         0.10377E+03      0.791488E+00     0.470923E-02
   -0.1154567E-01   -0.568894E-02    -0.351699E-02    -0.591298E-03
    0.00E+00         0.681431E+02    -0.4255537E+01
  15
    0.15E+02         0.10377E+03      0.791488E+00     0.470923E-02
   -0.1154567E-01   -0.568894E-02    -0.351699E-02    -0.591298E-03
    0.00E+00         0.681431E+02    -0.4255537E+01
  16
    0.16E+02         0.16184E+03      0.800818E+00     0.394665E-02
   -0.837508E-02    -0.63235E-02     -0.438991E-02    -0.5724E-03
    0.00E+00         0.681431E+02    -0.4255537E+01
 TNO5(16,11)                                                                     
   1
    0.1E+01          0.7890E+01       0.100125E+01     0.460339E-01
   -0.4748037E-02   -0.128522E-02    -0.1826406E-02   -0.5635755E-04
    0.00E+00         0.681431E+02    -0.4255537E+01
   2
    0.2E+01          0.136E+02        0.1110203E+01   0.630434E-01
   -0.941954E-02     0.1648795E-03    0.902942E-03    0.706453E-03
    0.00E+00         0.681431E+02    -0.4255537E+01
   3
    0.3E+01          0.136E+02        0.898544E+00     0.309878E-02
   -0.143816E-01    -0.1293695E-01   -0.359295E-02    -0.6720707E-05
    0.00E+00         0.681431E+02    -0.4255537E+01
   4
    0.4E+01          0.2458E+02       0.10340095E+01   0.859576E-02
    0.1929147E-02   -0.321353E-02    -0.891212E-02    -0.28919E-02
    0.00E+00         0.681431E+02    -0.4255537E+01
   5
    0.5E+01          0.2458E+02       0.9643521E+00   -0.100198E+00
   -0.38155E-01      0.104088E-01     0.595929E-03    -0.193724E-02
    0.00E+00         0.681431E+02    -0.4255537E+01
   6
    0.6E+01          0.3509E+02       0.1114586E+01   -0.973864E-01
   -0.962364E-01    -0.185174E-01     0.908372E-02     0.3497481E-02
    0.00E+00         0.681431E+02    -0.4255537E+01
   7
    0.7E+01          0.3509E+02       0.107827E+01    -0.116182E+00
   -0.731987E-01    -0.442584E-02     0.559988E-02     0.114805E-02
    0.00E+00         0.681431E+02    -0.4255537E+01
   8
    0.8E+01          0.4094E+02       0.1166551E+01   -0.902472E-01
   -0.9284767E-01   -0.242074E-01     0.682428E-02     0.3647485E-02
    0.00E+00         0.681431E+02    -0.4255537E+01
   9
    0.9E+01          0.4094E+02       0.905211E+00    -0.167858E+00
    0.5247248E-01    0.2220574E-01   -0.13444896E-01  -0.309341E-02
    0.00E+00         0.681431E+02    -0.4255537E+01
  10
    0.10E+02         0.4760E+02       0.98167576E+00  -0.2355428E+00
    0.22527E-01      0.52820E-01     -0.87816E-02     -0.751869E-02
    0.00E+00         0.681431E+02    -0.4255537E+01
  11
    0.11E+02         0.4760E+02       0.8276752E+00   -0.1164673E-01
    0.5967762E-01   -0.7632199E-01   -0.934105E-02     0.1116195E-01
    0.00E+00         0.681431E+02    -0.4255537E+01
  12
    0.12E+02         0.5440E+02       0.807572E+00     0.4269086E-01
    0.142811E-01    -0.762015E-01     0.350822E-02     0.7652163E-02
    0.00E+00         0.681431E+02    -0.4255537E+01
  13
    0.13E+02         0.5440E+02       0.779567E+00    -0.1743922E-02
   -0.19003E-01     -0.105201E-01    -0.5682972E-03    0.8489154E-03
    0.00E+00         0.681431E+02    -0.4255537E+01
  14
    0.14E+02         0.10377E+03      0.791488E+00     0.470923E-02
   -0.1154567E-01   -0.568894E-02    -0.351699E-02    -0.591298E-03
    0.00E+00         0.681431E+02    -0.4255537E+01
  15
    0.15E+02         0.10377E+03      0.791488E+00     0.470923E-02
   -0.1154567E-01   -0.568894E-02    -0.351699E-02    -0.591298E-03
    0.00E+00         0.681431E+02    -0.4255537E+01
  16
    0.16E+02         0.16184E+03      0.800818E+00     0.394665E-02
   -0.837508E-02    -0.63235E-02     -0.438991E-02    -0.57240E-03
    0.00E+00         0.681431E+02    -0.4255537E+01
