%             
%             
% This data file will eventually include data      
% for three level atoms in general       
%             
%             
% FORMAT:  title 
%	subtitle for type 1         
%   #entries          
%   type atom ion degen Eji/k lam A deex1 p1 deex2 p2 flag
%	subtitle for type 2         
%   #entries          
%   type atom ion degen Eji/k lam A deex1 p1 deex2 p2 flag
%             
% data in terms of de-excitation rate as a funciton of temp,  
% collision strength is derived internally.        
% data from compilation by H&M 1989   
%             
% type: 01 = fine structure lines.       
%                 power laws in T2 (100s of K)      
%                 deex1 is electron rate       
%                 deex2 is hydrogen rate      
%           
% type: 02 = forbidden and othes     
%                 power laws in T4 (10 000s of K   )  
%                 deex1 is  T4 < 1    
%                 deex2 is 1<=T4<20        
%                 both electron rates        
%           
%           RSS v j modified CI 2.7e-9 -> 2.7e-8
%           
Three level data v1.0.0r        
Type 1 finestructure p rates        
21           
01 08 01 05 2.300E+02  6.310E+01  9.000E-05  1.400E-08  0.00 9.200E-11  0.67 0
01 08 01 03 3.300E+02  4.420E+01  1.000E-10  1.400E-08  0.00 4.300E-11  0.80 0
01 08 01 01 9.800E+01  1.456E+02  1.700E-05  5.000E-09  0.00 1.100E-10  0.44 0
01 06 01 01 2.400E+01  6.092E+02  7.900E-08  3.000E-09  0.00 1.600E-10  0.14 0
01 06 01 03 6.300E+01  2.299E+02  2.000E-14  5.000E-09  0.00 9.200E-11  0.26 0
01 06 01 05 3.900E+01  3.690E+02  2.700E-07  1.500E-08  0.00 2.900E-10  0.26 0
01 14 01 01 1.100E+02  1.296E+02  8.400E-06  7.200E-09  0.00 3.500E-10 -0.03 0
01 14 01 03 3.200E+02  4.480E+01  2.400E-10  7.200E-09  0.00 1.700E-10  0.17 0
01 14 01 05 2.100E+02  6.840E+01  4.200E-05  2.200E-08  0.00 5.000E-10  0.17 0
01 16 01 05 5.700E+02  2.520E+01  1.400E-03  3.300E-08  0.00 7.500E-10  0.17 0
01 16 01 03 8.200E+02  1.740E+01  7.100E-08  3.300E-08  0.00 7.100E-10  0.17 0
01 16 01 01 2.500E+02  5.660E+01  3.000E-04  1.200E-08  0.00 4.200E-10  0.17 0
01 17 02 05 1.000E+03  1.440E+01  7.500E-03  5.300E-07 -0.50 1.400E-09  0.00 0
01 17 02 03 1.400E+03  1.000E+01  4.800E-07  5.300E-07 -0.50 1.100E-09  0.00 0
01 17 02 01 4.300E+02  3.340E+01  1.400E-03  3.200E-07 -0.50 6.300E-10  0.00 0
01 26 01 09 6.000E+02  2.400E+01  2.500E-03  1.200E-07  0.00 8.000E-10  0.17 0
01 26 01 07 1.000E+03  1.420E+01  1.000E-09  1.200E-07  0.00 6.900E-10  0.17 0
01 26 01 05 4.200E+02  3.420E+01  1.600E+03  9.300E-08  0.00 5.300E-10  0.17 0
01 28 01 09 1.900E+03  7.500E+00  6.200E-02  1.200E-07  0.00 8.000E-10  0.17 0
01 28 01 07 3.200E+03  4.500E+00  3.600E-09  1.200E-07  0.00 6.900E-10  0.17 0
01 28 01 05 1.300E+03  1.130E+01  2.500E-02  9.300E-08  0.00 5.300E-10  0.17 0
type 2 forbidden e rates        
 9           
02 26 01 09 9.900E+03  1.440E+00  2.000E-03  2.000E-07  0.57 2.000E-07 -0.13 0
02 26 01 11 1.100E+04  1.360E+00  1.500E-03  1.000E-07  0.57 1.000E-07  0.00 0
02 26 01 09 6.400E+02  2.230E+01  3.600E-03  1.500E-07  0.00 1.500E-07  0.00 0
02 28 01 09 2.900E+02  4.880E+01  8.000E-11  7.000E-08  0.57 7.000E-08 -0.13 0
02 28 01 07 1.300E+03  1.140E+01  3.200E-08  3.400E-08  0.57 3.400E-08  0.00 0
02 28 01 05 9.700E+02  1.480E+01  7.000E-03  9.300E-08  0.00 9.300E-08  0.00 0
02 28 02 06 1.200E+04  1.190E+00  7.500E-06  1.100E-07 -0.50 1.100E-07 -0.50 0
02 28 02 10 1.300E+04  1.070E+00  1.400E-03  1.100E-07 -0.50 1.100E-07 -0.50 0
02 28 02 08 1.300E+03  1.070E+01  2.700E-02  1.100E-07 -0.50 1.100E-07 -0.50 0
