%
%	Helium like ion intersystem 3P-1S
%	and 3S-2S transitions (6<z<28)
%	+ intersystem brnching ratios
%
%  Format:
%	Title
%	# lines
%	Z ion iso# Lambda eV f trans
%	.
%	.
%	.
%	Title
%	Z BRi
%
Coupled Helium like ion lines v1.0.0r 
26
06 05 02 4.0700E+01 3.0463E+02 0.647 05.0
06 05 02 4.1500E+01 2.9876E+02 0.647 06.0
07 06 02 2.9100E+01 4.2607E+02 0.673 05.0
07 06 02 2.9500E+01 4.2029E+02 0.673 06.0
08 07 02 2.1800E+01 5.6874E+02 0.693 05.0
08 07 02 2.2100E+01 5.6102E+02 0.693 06.0
10 09 02 1.3600E+01 9.1166E+02 0.721 05.0
10 09 02 1.3700E+01 9.0500E+02 0.721 06.0
11 10 02 1.1080E+01 1.1190E+03 0.731 05.0
11 10 02 1.1190E+01 1.1080E+03 0.731 06.0
12 11 02 9.2300E+00 1.3433E+03 0.739 05.0
12 11 02 9.3100E+00 1.3317E+03 0.739 06.0
13 12 02 7.8100E+00 1.5875E+03 0.747 05.0
13 12 02 7.8700E+00 1.5754E+03 0.747 06.0
14 13 02 6.6900E+00 1.8533E+03 0.753 05.0
14 13 02 6.7400E+00 1.8395E+03 0.753 06.0
16 15 02 5.0700E+00 2.4455E+03 0.763 05.0
16 15 02 5.1000E+00 2.4311E+03 0.763 06.0
18 17 02 3.9700E+00 3.1231E+03 0.700 05.0
18 17 02 3.9900E+00 3.1074E+03 0.700 06.0
20 19 02 3.2000E+00 3.8745E+03 0.777 05.0
20 19 02 3.2200E+00 3.8505E+03 0.777 06.0
26 25 02 1.8600E+00 6.6659E+03 0.070 05.0
26 25 02 1.8700E+00 6.6302E+03 0.750 06.0
28 27 02 1.6100E+00 7.7009E+03 0.790 05.0
28 27 02 1.6200E+00 7.6534E+03 0.790 06.0
Branching ratios
13
06 0.111
07 0.225
08 0.293
10 0.338
11 0.353
12 0.370
13 0.391
14 0.425
16 0.506
18 0.595
20 0.675
26 0.821
28 0.838
