%
%	XUV lines arising from metastable levels
%
%   ref Landini & Monsignori Fosse  1990 A. A. Suppl. Ser. 82:229
%
%
%  Format:
%       Title
%       # lines
%       Z ion iso# Lambda eV omega trans
%
XUV intersystem lines v1.0.0r 
12
26 21 06 2.4210E+02 5.1212E+01 0.010 18.0
26 22 05 2.5900E+02 4.7871E+01 0.060 14.0
26 23 04 2.6376E+02 4.7007E+01 0.100 15.0
16 12 05 2.9000E+02 4.2754E+01 0.060 14.0
14 10 05 3.5000E+02 3.5424E+01 0.080 14.0
14 11 04 5.8290E+02 2.1270E+01 0.250 15.0
16 11 06 6.1680E+02 2.0101E+01 0.030 18.0
12 09 04 7.0588E+02 1.7565E+01 0.300 15.0
12 08 05 7.0890E+02 1.7490E+01 0.150 14.0
14 09 06 7.5580E+02 1.6404E+01 0.040 18.0
18 07 12 8.7100E+02 1.4235E+01 0.220 11.0
12 07 06 9.6300E+02 1.2875E+01 0.050 18.0
%
%
%
12 06 07 1.8067E+03 6.8625E+00 0.030 19.0
14 08 07 1.4405E+03 8.6071E+00 0.020 19.0
16 10 07 1.1963E+03 1.0364E+01 0.020 19.0
18 12 07 1.0212E+03 1.2141E+01 0.020 19.0
20 14 07 8.8700E+02 1.3978E+01 0.010 19.0
26 20 07 6.2990E+02 1.9683E+01 0.010 19.0
