% 
%   Line emmission in the range 2000-1 A (6.5 eV - 10 keV) 
% 
%   ref Landini & Monsignori Fosse 1990.0 A. A. Suppl. Ser. 82:229  
%       Mewe et al 1986  A. A. Suppl. Ser.62:197
%  OII 833  0.430 to  0.018 RSS 94
%  CIII 977 moved to five level atom model with CIII]1909
%  Si III 1206 movet to 5 level atom model with the 1890 lines
%  Hydorgenic lines removed and computed in hydro, saved in XHYDRODAT
%
%  Format:
% Title
% # lines     
% Z ion iso# Lambda eV f' trans Egj/Ejk     
% 
% RSS 7/90     
% 
% 
XUV line list (6.5ev-10keV) v1.0.0r    
847
02 01 02 5.1210E+02 2.4211E+01 0.008 01.0 1.000
02 01 02 5.1562E+02 2.4046E+01 0.015 01.0 1.000
02 01 02 5.2221E+02 2.3742E+01 0.030 02.0 1.000
02 01 02 5.3703E+02 2.3087E+01 0.057 03.0 1.000
02 01 02 5.8435E+02 2.1218E+01 0.276 04.0 1.000
06 05 02 3.2800E+01 3.7800E+02 0.027 01.0 1.000
06 05 02 3.3400E+01 3.7121E+02 0.060 02.0 1.000
06 05 02 3.5100E+01 3.5323E+02 0.108 03.0 1.000
06 05 02 4.0300E+01 3.0766E+02 0.780 04.0 1.000
06 04 03 2.2279E+02 5.5651E+01 0.003 01.0 1.000
06 04 03 2.4490E+02 5.0627E+01 0.016 02.0 1.000
06 04 03 2.8920E+02 4.2872E+01 0.078 03.0 1.030
06 04 03 3.1243E+02 3.9684E+01 0.200 05.0 1.000
06 04 03 3.8412E+02 3.2278E+01 0.160 06.0 1.065
06 04 03 4.1953E+02 2.9553E+01 0.158 07.0 1.100
06 04 03 1.5482E+03 8.0083E+00 0.190 12.0 1.000
06 04 03 1.5508E+03 7.9949E+00 0.095 12.0 1.000
06 03 04 3.8620E+02 3.2104E+01 0.085 05.0 1.000
06 03 04 4.5957E+02 2.6979E+01 0.169 06.0 1.046
06 03 04 5.3220E+02 2.3297E+01 0.166 07.0 1.200
06 03 04 5.7430E+02 2.1589E+01 0.132 08.0 1.200
06 03 04 6.9050E+02 1.7956E+01 0.123 09.0 1.200
06 03 04 1.1757E+03 1.0546E+01 0.161 14.1 1.583
06 03 04 1.2474E+03 9.9395E+00 0.040 14.3 2.471
06 02 05 6.8725E+02 1.8041E+01 0.260 06.0 1.000
06 02 05 8.5841E+02 1.4444E+01 0.046 09.0 1.000
06 02 05 9.0409E+02 1.3714E+01 0.520 10.0 1.000
06 02 05 1.0368E+03 1.1958E+01 0.059 11.0 1.000
06 02 05 1.3353E+03 9.2852E+00 0.270 12.0 1.000
06 01 06 9.4544E+02 1.3114E+01 0.270 06.0 1.000
06 01 06 1.1895E+03 1.0423E+01 0.200 09.0 1.000
06 01 06 1.2613E+03 9.8300E+00 0.029 03.0 1.000
06 01 06 1.2775E+03 9.7053E+00 0.063 04.0 1.000
06 01 06 1.3293E+03 9.3271E+00 0.038 07.0 1.000
06 01 06 1.4633E+03 8.4728E+00 0.079 11.0 1.149
06 01 06 1.4818E+03 8.3674E+00 0.010 10.0 1.151
06 01 06 1.5610E+03 7.9427E+00 0.091 08.0 1.000
06 01 06 1.6572E+03 7.4816E+00 0.170 05.0 1.000
06 01 06 1.7519E+03 7.0772E+00 0.087 12.0 1.379
07 06 02 2.3300E+01 5.3213E+02 0.027 01.0 1.000
07 06 02 2.3800E+01 5.2095E+02 0.060 02.0 1.000
07 06 02 2.5000E+01 4.9594E+02 0.108 03.0 1.000
07 06 02 2.8800E+01 4.3050E+02 0.780 04.0 1.000
07 05 03 1.4800E+02 8.3774E+01 0.005 01.0 1.000
07 05 03 1.6256E+02 7.6270E+01 0.018 02.0 1.000
07 05 03 1.8610E+02 6.6623E+01 0.081 03.0 1.030
07 05 03 2.0928E+02 5.9244E+01 0.235 05.0 1.000
07 05 03 2.4766E+02 5.0063E+01 0.196 06.0 1.065
07 05 03 2.6631E+02 4.6557E+01 0.193 07.0 1.100
07 05 03 1.2388E+03 1.0008E+01 0.156 12.0 1.000
07 05 03 1.2428E+03 9.9763E+00 0.078 12.0 1.000
07 04 04 2.4720E+02 5.0156E+01 0.180 05.0 1.000
07 04 04 2.8353E+02 4.3729E+01 0.252 06.0 1.046
07 04 04 3.2260E+02 3.8433E+01 0.250 07.0 1.200
07 04 04 3.3500E+02 3.7011E+01 0.209 08.0 1.200
07 04 04 3.7830E+02 3.2774E+01 0.199 09.0 1.200
07 04 04 7.6514E+02 1.6204E+01 0.640 13.0 1.000
07 04 04 9.2310E+02 1.3431E+01 0.130 14.1 1.583
07 04 04 9.5530E+02 1.2979E+01 0.033 14.3 2.471
07 04 04 1.7185E+03 7.2147E+00 0.117 14.2 2.946
07 03 05 3.7436E+02 3.3119E+01 0.390 06.0 1.000
07 03 05 4.5211E+02 2.7424E+01 0.046 09.0 1.000
07 03 05 6.8571E+02 1.8081E+01 0.450 10.0 1.000
07 03 05 7.6401E+02 1.6228E+01 0.110 11.0 1.000
07 03 05 9.9098E+02 1.2511E+01 0.180 12.0 1.000
07 02 06 4.7450E+02 2.6130E+01 0.200 09.0 1.000
07 02 06 5.2968E+02 2.3408E+01 0.082 03.0 1.000
07 02 06 5.3367E+02 2.3233E+01 0.260 04.0 1.000
07 02 06 5.7465E+02 2.1576E+01 0.219 11.0 1.149
07 02 06 5.8215E+02 2.1298E+01 0.059 10.0 1.151
07 02 06 6.3518E+02 1.9520E+01 0.265 12.0 1.379
07 02 06 6.4499E+02 1.9223E+01 0.230 06.0 1.000
07 02 06 6.7148E+02 1.8464E+01 0.089 05.0 1.000
07 02 06 7.4698E+02 1.6598E+01 0.090 13.0 1.197
07 02 06 9.1634E+02 1.3530E+01 0.220 07.0 1.000
07 02 06 1.0851E+03 1.1426E+01 0.170 08.0 1.000
07 01 07 1.1346E+03 1.0928E+01 0.130 06.0 1.000
07 01 07 1.1679E+03 1.0616E+01 0.028 09.0 1.224
07 01 07 1.1999E+03 1.0333E+01 0.350 03.0 1.000
07 01 07 1.3107E+03 9.4595E+00 0.009 11.0 1.407
07 01 07 1.3195E+03 9.3964E+00 0.025 12.0 1.502
08 07 02 1.7420E+01 7.1174E+02 0.027 01.0 1.000
08 07 02 1.7800E+01 6.9655E+02 0.070 02.0 1.000
08 07 02 1.8700E+01 6.6302E+02 0.116 03.0 1.000
08 07 02 2.1600E+01 5.7401E+02 0.780 04.0 1.000
08 06 03 1.0481E+02 1.1830E+02 0.005 01.0 1.000
08 06 03 1.0680E+02 1.1609E+02 0.001 14.0 1.000
08 06 03 1.1580E+02 1.0707E+02 0.190 02.0 1.000
08 06 03 1.1640E+02 1.0652E+02 0.006 15.0 1.000
08 06 03 1.1740E+02 1.0561E+02 0.001 13.0 1.000
08 06 03 1.2980E+02 9.5520E+01 0.083 03.0 1.030
08 06 03 1.5010E+02 8.2602E+01 0.262 05.0 1.000
08 06 03 1.7303E+02 7.1655E+01 0.224 06.0 1.065
08 06 03 1.8412E+02 6.7339E+01 0.222 07.0 1.100
08 06 03 1.0319E+03 1.2015E+01 0.130 12.0 1.000
08 06 03 1.0376E+03 1.1949E+01 0.068 12.0 1.000
08 05 04 1.7217E+02 7.2013E+01 0.200 05.0 1.000
08 05 04 1.9285E+02 6.4291E+01 0.293 06.0 1.046
08 05 04 2.1518E+02 5.7619E+01 0.331 07.0 1.200
08 05 04 2.2030E+02 5.6280E+01 0.289 08.0 1.200
08 05 04 2.5150E+02 4.9298E+01 0.177 09.0 1.200
08 05 04 6.2973E+02 1.9689E+01 0.530 13.0 1.000
08 05 04 7.6040E+02 1.6305E+01 0.111 14.1 1.583
08 05 04 7.7450E+02 1.6008E+01 0.028 14.3 2.471
08 05 04 1.3713E+03 9.0414E+00 0.101 14.2 2.946
08 04 05 2.0300E+02 6.1076E+01 0.173 03.0 1.000
08 04 05 2.3850E+02 5.1985E+01 0.500 06.0 1.000
08 04 05 2.5530E+02 4.8565E+01 0.025 07.0 1.000
08 04 05 2.7983E+02 4.4307E+01 0.050 09.0 1.000
08 04 05 5.5437E+02 2.2365E+01 0.380 10.0 1.000
08 04 05 6.0935E+02 2.0347E+01 0.100 11.0 1.000
08 04 05 7.8936E+02 1.5707E+01 0.150 12.0 1.000
08 03 06 2.6270E+02 4.7197E+01 0.200 09.0 1.000
08 03 06 3.0366E+02 4.0830E+01 0.140 03.0 1.000
08 03 06 3.0572E+02 4.0555E+01 0.430 04.0 1.000
08 03 06 3.2098E+02 3.8627E+01 0.385 11.0 1.149
08 03 06 3.2845E+02 3.7749E+01 0.093 10.0 1.151
08 03 06 3.4531E+02 3.5905E+01 0.461 12.0 1.379
08 03 06 3.7412E+02 3.3140E+01 0.081 05.0 1.000
08 03 06 3.9556E+02 3.1344E+01 0.089 13.0 1.197
08 03 06 4.3498E+02 2.8504E+01 0.092 14.0 1.537
08 03 06 5.0793E+02 2.4410E+01 0.190 06.0 1.000
08 03 06 5.2580E+02 2.3580E+01 0.070 16.0 1.197
08 03 06 5.9960E+02 2.0678E+01 0.330 15.0 1.154
08 03 06 7.0336E+02 1.7628E+01 0.180 07.0 1.000
08 03 06 8.3450E+02 1.4857E+01 0.150 08.0 1.000
08 02 07 4.3009E+02 2.8828E+01 0.320 01.0 1.000
08 02 07 4.8527E+02 2.5550E+01 0.106 09.0 1.224
08 02 07 5.1555E+02 2.4049E+01 0.019 11.0 1.407
08 02 07 5.1813E+02 2.3929E+01 0.037 12.0 1.502
08 02 07 5.3940E+02 2.2986E+01 0.400 03.0 1.000
08 02 07 6.4415E+02 1.9248E+01 0.119 18.0 6.290
08 02 07 7.1854E+02 1.7255E+01 0.105 14.0 1.239
08 02 07 8.3380E+02 1.4870E+01 0.430 06.0 1.000
08 01 08 1.3035E+03 9.5117E+00 0.031 04.0 1.000
10 09 02 1.0800E+01 1.1480E+03 0.027 01.0 1.000
10 09 02 1.1000E+01 1.1271E+03 0.070 02.0 1.000
10 09 02 1.1600E+01 1.0688E+03 0.116 03.0 1.000
10 09 02 1.3400E+01 9.2526E+02 0.780 04.0 1.000
10 08 03 6.0810E+01 2.0389E+02 0.005 01.0 1.000
10 08 03 6.8000E+01 1.8233E+02 0.022 02.0 1.000
10 08 03 7.3500E+01 1.6869E+02 0.085 03.0 1.030
10 08 03 8.8130E+01 1.4068E+02 0.310 05.0 1.000
10 08 03 9.8310E+01 1.2612E+02 0.231 06.0 1.065
10 08 03 1.0305E+02 1.2032E+02 0.263 07.0 1.100
10 08 03 7.7040E+02 1.6094E+01 0.102 12.0 1.000
10 08 03 7.8032E+02 1.5889E+01 0.050 12.0 1.000
10 07 04 9.7580E+01 1.2706E+02 0.250 05.0 1.000
10 07 04 1.0610E+02 1.1686E+02 0.391 06.0 1.046
10 07 04 1.1550E+02 1.0735E+02 0.420 07.0 1.200
10 07 04 1.1670E+02 1.0624E+02 0.377 08.0 1.200
10 07 04 1.2920E+02 9.5964E+01 0.233 09.0 1.200
10 07 04 4.6522E+02 2.6651E+01 0.570 13.0 1.000
10 07 04 5.6160E+02 2.2077E+01 0.098 14.1 1.050
10 06 05 9.8000E+01 1.2652E+02 0.024 02.0 1.000
10 06 05 1.1110E+02 1.1160E+02 0.175 03.0 1.000
10 06 05 1.2000E+02 1.0332E+02 0.026 07.0 1.000
10 06 05 1.2260E+02 1.0113E+02 0.540 06.0 1.000
10 06 05 1.3855E+02 8.9488E+01 0.029 09.0 1.000
10 06 05 4.0166E+02 3.0868E+01 0.250 10.0 1.000
10 06 05 4.3482E+02 2.8514E+01 0.030 11.0 1.000
10 06 05 5.6138E+02 2.2086E+01 0.140 12.0 1.000
10 05 06 1.1901E+02 1.0418E+02 0.160 09.0 1.000
10 05 06 1.3204E+02 9.3900E+01 0.080 01.0 1.000
10 05 06 1.4261E+02 8.6940E+01 0.200 03.0 1.000
10 05 06 1.4332E+02 8.6509E+01 0.750 04.1 1.000
10 05 06 1.4713E+02 8.4269E+01 0.555 11.0 1.149
10 05 06 1.5140E+02 8.1892E+01 0.134 10.0 1.151
10 05 06 1.5661E+02 7.9168E+01 0.691 12.0 1.379
10 05 06 1.7393E+02 7.1285E+01 0.060 13.0 1.197
10 05 06 1.8470E+02 6.7128E+01 0.098 14.0 1.537
10 05 06 3.5893E+02 3.4543E+01 0.140 06.0 1.000
10 05 06 3.6559E+02 3.3914E+01 0.050 16.0 1.197
10 05 06 4.1620E+02 2.9790E+01 0.249 15.0 1.154
10 05 06 4.8215E+02 2.5715E+01 0.140 07.0 1.000
10 05 06 5.7104E+02 2.1712E+01 0.110 08.0 1.000
10 04 07 1.7260E+02 7.1834E+01 0.440 01.0 1.000
10 04 07 2.0860E+02 5.9437E+01 0.200 03.0 1.000
10 04 07 3.5840E+02 3.4594E+01 0.043 15.0 1.287
10 04 07 4.2158E+02 2.9410E+01 0.087 18.0 6.290
10 04 07 4.6984E+02 2.6389E+01 0.070 14.0 1.239
10 04 07 5.4282E+02 2.2841E+01 0.340 06.0 1.000
10 03 08 2.2800E+02 5.4379E+01 0.210 01.0 1.000
10 03 08 2.6730E+02 4.6384E+01 0.030 03.0 1.000
10 03 08 2.8340E+02 4.3749E+01 0.057 05.0 1.000
10 03 08 3.1330E+02 3.9574E+01 0.030 04.0 1.000
10 03 08 3.7931E+02 3.2687E+01 0.171 09.0 1.159
10 03 08 4.2784E+02 2.8979E+01 0.015 10.0 1.411
10 03 08 4.8954E+02 2.5327E+01 0.260 06.0 1.000
10 02 09 3.2650E+02 3.7974E+01 1.500 02.0 1.000
10 02 09 3.3130E+02 3.7424E+01 0.134 05.0 1.000
10 02 09 4.4600E+02 2.7799E+01 0.320 03.0 1.000
10 02 09 4.6128E+02 2.6879E+01 0.330 04.0 1.000
10 01 10 7.3589E+02 1.6848E+01 1.600 07.0 1.000
11 10 02 1.1000E+01 1.1271E+03 0.070 02.0 1.000
11 10 02 1.1080E+01 1.1190E+03 0.780 04.0 1.000
11 10 02 1.2180E+01 1.0179E+03 0.116 03.0 1.000
11 09 03 5.3960E+01 2.2977E+02 0.022 02.0 1.000
11 09 03 6.8172E+02 1.8187E+01 0.094 12.0 1.000
11 09 03 6.9426E+02 1.7859E+01 0.046 12.0 1.000
11 08 04 4.1115E+02 3.0156E+01 0.346 13.0 1.000
11 07 05 3.5295E+02 3.5128E+01 0.230 10.0 1.000
11 07 05 3.8027E+02 3.2605E+01 0.045 11.0 1.000
11 07 05 4.9020E+02 2.5293E+01 0.096 12.0 1.000
11 06 06 3.1316E+02 3.9592E+01 0.140 06.0 1.000
11 06 06 3.1764E+02 3.9033E+01 0.044 16.0 1.197
11 06 06 3.6125E+02 3.4321E+01 0.239 15.0 1.154
11 06 06 4.1653E+02 2.9766E+01 0.120 07.0 1.000
11 06 06 4.9280E+02 2.5159E+01 0.110 08.0 1.000
11 05 07 3.0789E+02 4.0269E+01 0.054 15.0 1.287
11 05 07 3.6035E+02 3.4407E+01 0.079 18.0 6.290
11 05 07 4.0072E+02 3.0941E+01 0.071 14.0 1.239
11 05 07 4.6106E+02 2.6891E+01 0.300 06.0 1.000
11 04 08 4.1040E+02 3.0211E+01 0.240 06.0 1.000
11 03 09 3.7880E+02 3.2731E+01 0.150 04.0 1.000
11 02 10 3.0015E+02 4.1308E+01 1.000 04.0 1.000
11 02 10 3.0140E+02 4.1136E+01 2.500 05.0 1.000
11 02 10 3.7207E+02 3.3323E+01 1.600 07.0 1.000
11 02 10 3.7640E+02 3.2940E+01 3.400 08.0 1.000
12 11 02 7.3100E+00 1.6961E+03 0.027 01.0 1.000
12 11 02 7.4700E+00 1.6598E+03 0.070 02.0 1.000
12 11 02 7.8600E+00 1.5774E+03 0.116 03.0 1.000
12 11 02 9.1700E+00 1.3521E+03 0.780 04.0 1.000
12 10 03 4.1000E+01 3.0240E+02 0.005 01.0 1.000
12 10 03 4.4050E+01 2.8146E+02 0.022 02.0 1.000
12 10 03 4.7300E+01 2.6213E+02 0.086 03.0 1.030
12 10 03 5.7900E+01 2.1414E+02 0.330 05.0 1.000
12 10 03 6.3300E+01 1.9587E+02 0.263 06.0 1.065
12 10 03 6.5900E+01 1.8814E+02 0.252 07.0 1.100
12 10 03 6.0980E+02 2.0332E+01 0.084 12.0 1.000
12 10 03 6.2528E+02 1.9829E+01 0.041 12.0 1.000
12 09 04 6.2800E+01 1.9743E+02 0.270 05.0 1.000
12 09 04 6.7200E+01 1.8450E+02 0.420 06.0 1.046
12 09 04 7.2300E+01 1.7149E+02 0.434 08.0 1.200
12 09 04 7.2920E+01 1.7003E+02 0.518 07.0 1.200
12 09 04 7.7700E+01 1.5957E+02 0.248 09.0 1.200
12 09 04 3.6807E+02 3.3685E+01 0.314 13.0 1.000
12 09 04 4.3910E+02 2.8236E+01 0.037 14.3 2.471
12 09 04 4.4370E+02 2.7943E+01 0.073 14.1 1.583
12 09 04 7.5160E+02 1.6496E+01 0.043 14.2 2.946
12 08 05 6.4300E+01 1.9282E+02 0.167 03.0 1.000
12 08 05 7.5000E+01 1.6531E+02 0.610 06.0 1.000
12 08 05 8.2000E+01 1.5120E+02 0.021 07.0 1.000
12 08 05 8.2800E+01 1.4974E+02 0.024 09.0 1.000
12 08 05 3.1459E+02 3.9412E+01 0.210 10.0 1.000
12 08 05 3.3775E+02 3.6709E+01 0.045 11.0 1.000
12 08 05 4.3462E+02 2.8527E+01 0.087 12.0 1.000
12 08 05 9.6300E+02 1.2875E+01 0.050 18.0 1.000
12 07 06 6.8140E+01 1.8196E+02 0.160 09.0 1.000
12 07 06 7.9170E+01 1.5661E+02 0.080 01.0 1.000
12 07 06 8.3260E+01 1.4891E+02 0.900 04.1 1.000
12 07 06 8.3680E+01 1.4817E+02 0.690 12.0 1.379
12 07 06 8.3770E+01 1.4801E+02 0.130 03.0 1.000
12 07 06 8.5410E+01 1.4516E+02 0.622 11.0 1.149
12 07 06 8.7720E+01 1.4134E+02 0.096 10.0 1.151
12 07 06 9.5300E+01 1.3010E+02 0.059 05.0 1.000
12 07 06 9.8030E+01 1.2648E+02 0.031 13.0 1.197
12 07 06 2.7769E+02 4.4649E+01 0.120 06.0 1.000
12 07 06 2.8074E+02 4.4164E+01 0.039 16.0 1.197
12 07 06 3.1902E+02 3.8864E+01 0.221 15.0 1.154
12 07 06 3.6642E+02 3.3837E+01 0.110 07.0 1.000
12 07 06 4.3304E+02 2.8631E+01 0.100 08.0 1.000
12 06 07 8.3000E+01 1.4938E+02 0.500 07.0 1.000
12 06 07 9.0900E+01 1.3640E+02 0.400 05.0 1.000
12 06 07 9.5500E+01 1.2983E+02 0.700 01.0 1.000
12 06 07 1.0250E+02 1.2096E+02 0.101 14.0 1.239
12 06 07 1.1160E+02 1.1110E+02 0.300 03.0 1.000
12 06 07 2.6992E+02 4.5934E+01 0.048 15.0 1.287
12 06 07 3.1464E+02 3.9405E+01 0.071 18.0 6.290
12 06 07 3.4915E+02 3.5511E+01 0.066 14.0 1.239
12 06 07 4.0176E+02 3.0861E+01 0.260 06.0 1.000
12 05 08 1.0390E+02 1.1933E+02 0.160 07.0 1.000
12 05 08 1.1782E+02 1.0523E+02 1.200 01.0 1.000
12 05 08 1.3250E+02 9.3574E+01 0.030 03.0 1.000
12 05 08 1.3780E+02 8.9975E+01 0.048 05.0 1.000
12 05 08 1.4650E+02 8.4632E+01 0.029 04.0 1.000
12 05 08 2.7658E+02 4.4828E+01 0.120 09.0 1.159
12 05 08 3.1231E+02 3.9699E+01 0.006 10.0 1.411
12 05 08 3.5316E+02 3.5107E+01 0.220 06.0 1.000
12 04 09 1.2000E+02 1.0332E+02 0.400 01.0 1.000
12 04 09 1.3000E+02 9.5373E+01 1.000 05.0 1.000
12 04 09 1.4700E+02 8.4344E+01 1.600 02.0 1.000
12 04 09 1.8060E+02 6.8652E+01 0.150 03.0 1.000
12 04 09 3.2177E+02 3.8532E+01 0.140 04.0 1.000
12 03 10 1.6000E+02 7.7491E+01 0.500 03.1 1.000
12 03 10 1.7150E+02 7.2295E+01 0.300 01.1 1.000
12 03 10 1.8250E+02 6.7937E+01 0.034 02.0 1.000
12 03 10 1.8650E+02 6.6480E+01 2.500 05.0 1.000
12 03 10 1.8720E+02 6.6231E+01 1.000 04.0 1.000
12 03 10 1.8850E+02 6.5775E+01 0.180 06.0 1.000
12 03 10 2.3170E+02 5.3511E+01 1.600 07.0 1.000
12 03 10 2.3420E+02 5.2940E+01 3.400 08.0 1.000
12 02 11 1.0260E+03 1.2084E+01 0.001 02.0 1.000
12 02 11 1.2400E+03 9.9988E+00 0.001 06.0 1.000
13 12 02 7.7500E+00 1.5998E+03 0.784 04.0 1.000
13 12 02 7.8800E+00 1.5734E+03 0.116 03.0 1.000
13 11 03 3.9100E+01 3.1710E+02 0.087 03.0 1.030
13 11 03 4.8310E+01 2.5665E+02 0.330 05.0 1.000
13 11 03 5.2400E+01 2.3661E+02 0.302 06.0 1.065
13 11 03 5.4330E+01 2.2821E+02 0.301 07.0 1.100
13 11 03 5.4999E+02 2.2543E+01 0.078 12.0 1.000
13 11 03 5.6850E+02 2.1809E+01 0.038 12.0 1.000
13 10 04 3.3289E+02 3.7245E+01 0.287 13.0 1.000
13 09 05 2.8353E+02 4.3729E+01 0.200 10.0 1.000
13 09 05 3.0359E+02 4.0840E+01 0.040 11.0 1.000
13 08 06 2.4927E+02 4.9739E+01 0.110 06.0 1.000
13 08 06 2.5134E+02 4.9330E+01 0.036 16.0 1.197
13 08 06 2.8547E+02 4.3432E+01 0.185 15.0 1.154
13 08 06 3.2671E+02 3.7950E+01 0.099 07.0 1.000
13 08 06 3.8576E+02 3.2141E+01 0.087 08.0 1.000
13 07 07 2.4019E+02 5.1620E+01 0.043 15.0 1.287
13 07 07 3.0980E+02 4.0021E+01 0.059 14.0 1.239
13 07 07 3.5520E+02 3.4906E+01 0.240 06.0 1.000
13 06 08 3.0968E+02 4.0037E+01 0.210 06.0 1.000
13 05 09 2.7959E+02 4.4345E+01 0.120 04.0 1.000
13 04 10 1.3030E+02 9.5154E+01 2.500 05.0 1.000
13 04 10 1.6010E+02 7.7442E+01 1.600 07.0 1.000
13 04 10 1.6170E+02 7.6676E+01 3.400 08.0 1.000
13 03 11 5.6040E+02 2.2124E+01 0.007 02.0 1.000
13 03 11 6.9590E+02 1.7817E+01 0.011 06.0 1.000
13 03 11 1.8574E+03 6.6752E+00 0.875 12.0 1.000
13 02 12 1.6708E+03 7.4207E+00 1.840 09.0 1.000
13 02 12 1.7640E+03 7.0286E+00 0.367 10.0 1.160
13 02 12 1.8603E+03 6.6648E+00 0.076 04.0 1.157
14 13 02 5.2900E+00 2.3438E+03 0.027 01.0 1.000
14 13 02 5.4000E+00 2.2960E+03 0.070 02.0 1.000
14 13 02 5.6800E+00 2.1828E+03 0.116 03.0 1.000
14 13 02 6.6500E+00 1.8644E+03 0.790 04.0 1.000
14 12 03 2.8500E+01 4.3504E+02 0.005 01.0 1.000
14 12 03 3.1000E+01 3.9995E+02 0.024 02.0 1.000
14 12 03 3.2900E+01 3.7685E+02 0.087 03.0 1.030
14 12 03 4.0900E+01 3.0314E+02 0.350 05.0 1.000
14 12 03 4.4200E+01 2.8051E+02 0.285 06.0 1.065
14 12 03 4.5600E+01 2.7190E+02 0.275 07.0 1.100
14 12 03 4.9928E+02 2.4833E+01 0.073 12.0 1.000
14 12 03 5.2110E+02 2.3793E+01 0.035 12.0 1.000
14 11 04 4.3800E+01 2.8307E+02 0.300 05.0 1.000
14 11 04 4.6300E+01 2.6779E+02 0.463 06.0 1.046
14 11 04 4.8140E+01 2.5755E+02 0.598 07.0 1.200
14 11 04 4.9200E+01 2.5200E+02 0.432 08.0 1.200
14 11 04 5.2300E+01 2.3707E+02 0.298 09.0 1.200
14 11 04 3.0358E+02 4.0841E+01 0.264 13.0 1.000
14 11 04 3.5940E+02 3.4498E+01 0.032 14.3 2.471
14 11 04 3.6510E+02 3.3959E+01 0.061 14.1 1.583
14 11 04 6.0980E+02 2.0332E+01 0.037 14.2 2.946
14 10 05 3.9400E+01 3.1468E+02 0.140 02.0 1.000
14 10 05 4.8000E+01 2.5830E+02 0.143 03.0 1.000
14 10 05 5.0600E+01 2.4503E+02 0.630 06.0 1.000
14 10 05 5.4000E+01 2.2960E+02 0.024 09.0 1.000
14 10 05 6.0500E+01 2.0493E+02 0.019 07.0 1.000
14 10 05 2.5658E+02 4.8322E+01 0.180 10.0 1.000
14 10 05 2.7200E+02 4.5583E+01 0.037 11.0 1.000
14 10 05 3.5314E+02 3.5109E+01 0.073 12.0 1.000
14 09 06 4.4200E+01 2.8051E+02 0.160 09.0 1.000
14 09 06 5.2840E+01 2.3464E+02 0.080 01.0 1.000
14 09 06 5.5270E+01 2.2433E+02 0.130 03.0 1.000
14 09 06 5.5300E+01 2.2420E+02 1.000 04.1 1.000
14 09 06 5.6030E+01 2.2128E+02 0.597 11.0 1.149
14 09 06 5.7430E+01 2.1589E+02 0.097 10.0 1.151
14 09 06 5.7780E+01 2.1458E+02 0.659 12.0 1.379
14 09 06 6.1840E+01 2.0049E+02 0.310 05.0 1.000
14 09 06 6.2970E+01 1.9690E+02 0.029 13.0 1.197
14 09 06 6.5240E+01 1.9004E+02 0.103 14.0 1.537
14 09 06 2.2597E+02 5.4868E+01 0.100 06.0 1.000
14 09 06 2.2735E+02 5.4535E+01 0.033 16.0 1.197
14 09 06 2.5810E+02 4.8038E+01 0.176 15.0 1.154
14 09 06 2.9444E+02 4.2109E+01 0.091 07.0 1.000
14 09 06 3.4740E+02 3.5689E+01 0.084 08.0 1.000
14 08 07 5.2000E+01 2.3843E+02 0.600 07.0 1.000
14 08 07 5.8900E+01 2.1050E+02 0.478 05.0 1.000
14 08 07 6.1000E+01 2.0325E+02 0.900 01.0 1.000
14 08 07 6.9800E+01 1.7763E+02 0.300 03.0 1.000
14 08 07 2.1618E+02 5.7353E+01 0.114 15.0 1.287
14 08 07 2.3465E+02 5.2838E+01 0.018 17.0 1.502
14 08 07 2.5084E+02 4.9428E+01 0.071 18.0 6.290
14 08 07 2.7700E+02 4.4760E+01 0.054 14.0 1.239
14 08 07 3.1768E+02 3.9028E+01 0.220 06.0 1.000
14 07 08 6.0800E+01 2.0392E+02 0.210 07.0 1.000
14 07 08 7.0200E+01 1.7662E+02 1.000 01.0 1.000
14 07 08 7.9500E+01 1.5596E+02 0.020 03.0 1.000
14 07 08 8.1900E+01 1.5139E+02 0.043 05.0 1.000
14 07 08 8.5600E+01 1.4484E+02 0.026 04.0 1.000
14 07 08 2.1783E+02 5.6918E+01 0.102 09.0 1.159
14 07 08 2.4612E+02 5.0376E+01 0.006 10.0 1.411
14 07 08 2.7546E+02 4.5010E+01 0.180 06.0 1.000
14 06 09 6.9200E+01 1.7917E+02 1.000 05.0 1.000
14 06 09 7.0000E+01 1.7712E+02 0.400 01.0 1.000
14 06 09 8.3000E+01 1.4938E+02 1.500 02.0 1.000
14 06 09 9.9400E+01 1.2473E+02 0.150 03.0 1.000
14 06 09 2.4604E+02 5.0392E+01 0.110 04.0 1.000
14 05 10 8.0000E+01 1.5498E+02 0.500 03.1 1.000
14 05 10 8.5200E+01 1.4552E+02 0.300 01.1 1.000
14 05 10 9.0500E+01 1.3700E+02 0.037 02.0 1.000
14 05 10 9.6140E+01 1.2896E+02 1.000 04.0 1.000
14 05 10 9.6440E+01 1.2856E+02 2.500 05.0 1.000
14 05 10 9.8210E+01 1.2624E+02 0.180 06.0 1.000
14 05 10 1.1786E+02 1.0520E+02 1.600 07.0 1.000
14 05 10 1.1897E+02 1.0422E+02 3.400 08.0 1.000
14 04 11 4.5790E+02 2.7077E+01 0.010 06.0 1.000
14 04 11 5.1590E+02 2.4033E+01 0.012 04.0 1.150
14 04 11 7.4990E+02 1.6534E+01 0.000 05.0 1.317
14 04 11 8.1710E+02 1.5174E+01 0.078 08.0 1.300
14 04 11 1.0660E+03 1.1631E+01 0.026 09.0 1.450
14 04 11 1.1264E+03 1.1007E+01 0.465 11.0 1.678
14 04 11 1.3938E+03 8.8957E+00 0.536 12.0 1.000
14 04 11 1.4028E+03 8.8386E+00 0.266 12.0 1.000
14 03 12 5.6660E+02 2.1882E+01 0.046 01.0 1.000
14 03 12 6.7290E+02 1.8426E+01 0.127 02.0 1.160
14 03 12 9.9610E+02 1.2447E+01 0.079 04.0 1.157
14 03 12 1.1116E+03 1.1154E+01 0.561 07.0 1.596
14 03 12 1.2989E+03 9.5454E+00 0.332 10.0 1.160
14 02 13 9.9174E+02 1.2502E+01 0.200 12.0 1.000
14 02 13 1.1955E+03 1.0371E+01 0.910 01.0 1.000
14 02 13 1.2633E+03 9.8144E+00 1.200 04.0 1.000
14 02 13 1.3500E+03 9.1841E+00 0.100 10.0 1.250
14 02 13 1.5310E+03 8.0983E+00 0.130 09.0 1.000
14 02 13 1.8140E+03 6.8349E+00 0.006 15.0 1.000
15 13 03 4.5610E+02 2.7184E+01 0.068 12.0 1.000
15 13 03 4.8142E+02 2.5754E+01 0.032 12.0 1.000
15 12 04 2.7868E+02 4.4490E+01 0.245 13.0 1.000
15 11 05 2.3627E+02 5.2476E+01 0.160 10.0 1.000
15 10 06 2.0652E+02 6.0035E+01 0.093 06.0 1.000
15 10 06 2.0757E+02 5.9732E+01 0.030 16.0 1.197
15 10 06 2.3527E+02 5.2699E+01 0.167 15.0 1.154
15 10 06 2.6948E+02 4.6009E+01 0.063 07.0 1.000
15 10 06 3.1542E+02 3.9308E+01 0.077 08.0 1.000
15 09 07 1.9635E+02 6.3145E+01 0.036 15.0 1.287
15 09 07 2.5045E+02 4.9505E+01 0.050 14.0 1.239
15 09 07 2.8707E+02 4.3190E+01 0.210 06.0 1.000
15 08 08 2.4777E+02 5.0040E+01 0.180 06.0 1.000
15 07 09 2.2109E+02 5.6079E+01 0.100 04.0 1.000
15 05 11 8.6939E+02 1.4261E+01 0.389 11.0 1.678
15 05 11 1.1213E+03 1.1057E+01 0.670 12.0 1.000
15 04 12 8.2634E+02 1.5004E+01 0.511 07.0 1.596
15 04 12 8.5505E+02 1.4500E+01 0.791 08.0 1.858
15 04 12 9.5067E+02 1.3042E+01 1.600 09.0 1.000
15 03 13 1.3412E+03 9.2443E+00 0.640 15.0 1.000
16 15 02 4.0100E+00 3.0919E+03 0.027 01.0 1.000
16 15 02 4.1000E+00 3.0240E+03 0.070 02.0 1.000
16 15 02 4.3000E+00 2.8834E+03 0.116 03.0 1.000
16 15 02 5.0400E+00 2.4600E+03 0.780 04.0 1.000
16 14 03 2.1000E+01 5.9041E+02 0.005 01.0 1.000
16 14 03 2.3050E+01 5.3790E+02 0.025 02.0 1.000
16 14 03 3.0200E+01 4.1055E+02 0.370 05.0 1.000
16 14 03 3.2600E+01 3.8032E+02 0.307 06.0 1.065
16 14 03 3.3800E+01 3.6682E+02 0.286 07.0 1.100
16 14 03 4.1760E+02 2.9690E+01 0.061 12.0 1.000
16 14 03 4.4580E+02 2.7812E+01 0.030 12.0 1.000
16 13 04 3.1000E+01 3.9995E+02 0.310 05.0 1.000
16 13 04 3.5000E+01 3.5424E+02 0.489 06.0 1.046
16 13 04 3.5730E+01 3.4701E+02 0.632 07.0 1.200
16 13 04 3.7000E+01 3.3510E+02 0.310 09.0 1.200
16 13 04 2.5668E+02 4.8303E+01 0.250 13.0 1.000
16 12 05 2.7800E+01 4.4599E+02 0.150 02.0 1.000
16 12 05 3.3300E+01 3.7233E+02 0.119 03.0 1.000
16 12 05 3.5400E+01 3.5024E+02 0.630 06.0 1.000
16 12 05 3.7800E+01 3.2800E+02 0.023 09.0 1.000
16 12 05 4.2400E+01 2.9242E+02 0.020 07.0 1.000
16 12 05 2.2200E+02 5.5849E+01 0.150 10.0 1.000
16 12 05 2.2748E+02 5.4504E+01 0.050 11.0 1.000
16 11 06 3.1000E+01 3.9995E+02 0.210 09.0 1.000
16 11 06 3.7000E+01 3.3510E+02 1.000 04.1 1.000
16 11 06 3.7740E+01 3.2852E+02 0.080 01.0 1.000
16 11 06 3.9240E+01 3.1597E+02 0.130 03.0 1.000
16 11 06 4.1000E+01 3.0240E+02 0.055 05.0 1.000
16 11 06 1.9126E+02 6.4825E+01 0.003 06.0 1.000
16 11 06 2.4700E+02 5.0196E+01 0.084 07.0 1.000
16 11 06 2.8583E+02 4.3377E+01 0.003 08.0 1.000
16 11 06 2.9159E+02 4.2520E+01 0.033 08.0 1.000
16 10 07 3.6900E+01 3.3600E+02 0.700 07.0 1.000
16 10 07 4.0200E+01 3.0842E+02 0.451 05.0 1.000
16 10 07 4.2500E+01 2.9173E+02 0.900 01.0 1.000
16 10 07 4.7700E+01 2.5993E+02 0.300 03.0 1.000
16 10 07 2.6000E+02 4.7687E+01 0.146 06.0 1.000
16 09 08 3.9460E+01 3.1420E+02 0.240 07.0 1.000
16 09 08 4.7500E+01 2.6102E+02 1.000 01.0 1.000
16 09 08 5.4100E+01 2.2918E+02 0.040 05.0 1.000
16 09 08 5.6100E+01 2.2101E+02 0.023 04.0 1.000
16 09 08 5.6300E+01 2.2022E+02 0.020 03.0 1.000
16 08 09 4.5300E+01 2.7370E+02 1.000 05.0 1.000
16 08 09 4.6000E+01 2.6953E+02 0.400 01.0 1.000
16 08 09 5.4600E+01 2.2708E+02 1.500 02.0 1.000
16 08 09 6.3300E+01 1.9587E+02 0.150 03.0 1.000
16 08 09 1.9991E+02 6.2021E+01 0.100 04.0 1.000
16 07 10 5.0000E+01 2.4797E+02 0.500 03.1 1.000
16 07 10 5.2000E+01 2.3843E+02 0.300 01.1 1.000
16 07 10 5.4800E+01 2.2625E+02 0.035 02.0 1.000
16 07 10 6.0800E+01 2.0392E+02 2.500 05.0 1.000
16 07 10 6.0810E+01 2.0389E+02 1.000 04.0 1.000
16 07 10 6.1500E+01 2.0160E+02 0.180 06.0 1.000
16 07 10 7.2400E+01 1.7125E+02 1.200 07.0 1.000
16 07 10 7.2660E+01 1.7064E+02 2.900 08.0 1.000
16 06 11 1.9550E+02 6.3420E+01 0.028 02.0 1.000
16 06 11 2.2780E+02 5.4427E+01 0.089 03.0 1.080
16 06 11 2.4910E+02 4.9773E+01 0.100 06.0 1.000
16 06 11 3.2850E+02 3.7743E+01 0.002 05.0 1.317
16 06 11 3.9020E+02 3.1775E+01 0.065 08.0 1.300
16 06 11 4.6400E+02 2.6721E+01 0.033 09.0 1.450
16 06 11 5.2500E+02 2.3616E+01 0.013 04.0 1.150
16 06 11 7.1062E+02 1.7447E+01 0.352 11.0 1.678
16 06 11 9.3701E+02 1.3232E+01 0.640 12.0 1.000
16 05 12 4.3890E+02 2.8249E+01 0.073 04.0 1.157
16 05 12 6.6152E+02 1.8742E+01 0.174 07.0 1.596
16 05 12 7.8648E+02 1.5765E+01 1.460 09.0 1.000
16 05 12 8.5480E+02 1.4505E+01 0.268 10.0 1.160
16 04 13 5.5310E+02 2.2416E+01 0.094 09.0 1.000
16 04 13 6.6140E+02 1.8746E+01 0.673 04.0 1.000
16 04 13 1.0696E+03 1.1592E+01 0.570 15.0 1.000
16 03 14 1.1975E+03 1.0354E+01 0.056 11.0 1.000
16 02 15 1.1270E+03 1.1001E+01 0.059 05.0 1.000
16 02 15 1.2561E+03 9.8706E+00 0.028 06.0 1.000
18 17 02 3.9500E+00 3.1389E+03 0.780 04.0 1.000
18 14 05 1.9440E+02 6.3778E+01 0.050 11.0 1.000
18 08 11 5.2412E+02 2.3656E+01 0.287 11.0 1.678
18 08 11 7.0487E+02 1.7590E+01 0.570 12.0 1.000
18 07 12 6.3730E+02 1.9455E+01 0.237 10.0 1.160
18 06 13 2.9342E+02 4.2255E+01 0.088 09.0 1.000
20 19 02 2.5000E+00 4.9594E+03 0.027 01.0 1.000
20 19 02 2.6000E+00 4.7687E+03 0.070 02.0 1.000
20 19 02 2.7000E+00 4.5920E+03 0.123 03.0 1.000
20 19 02 3.1800E+00 3.8989E+03 0.780 04.0 1.000
20 18 03 1.2800E+01 9.6863E+02 0.005 01.0 1.000
20 18 03 1.4000E+01 8.8561E+02 0.025 02.0 1.000
20 18 03 1.8000E+01 6.8881E+02 0.390 05.0 1.000
20 18 03 2.0000E+01 6.1993E+02 0.325 06.0 1.065
20 18 03 2.1000E+01 5.9041E+02 0.311 07.0 1.100
20 17 04 2.1600E+01 5.7401E+02 0.638 07.0 1.200
20 17 04 1.9288E+02 6.4281E+01 0.200 13.0 1.000
20 16 05 1.6300E+01 7.6065E+02 0.200 02.0 1.000
20 16 05 3.5600E+01 3.4827E+02 0.014 07.0 1.000
20 16 05 1.6600E+02 7.4690E+01 0.110 10.0 1.000
20 16 05 1.6886E+02 7.3425E+01 0.060 11.0 1.000
20 16 05 2.0800E+02 5.9608E+01 0.040 12.0 1.000
20 15 06 1.8000E+01 6.8881E+02 0.180 09.0 1.000
20 15 06 2.0400E+01 6.0777E+02 0.460 01.0 1.000
20 15 06 2.2600E+01 5.4861E+02 0.210 03.0 1.000
20 15 06 2.2750E+01 5.4499E+02 1.390 04.1 1.000
20 15 06 2.7500E+01 4.5086E+02 0.052 05.0 1.000
20 15 06 1.4500E+02 8.5507E+01 0.068 06.0 1.000
20 15 06 1.7158E+02 7.2261E+01 0.010 07.0 1.000
20 15 06 2.0130E+02 6.1592E+01 0.060 06.1 1.000
20 15 06 2.1500E+02 5.7668E+01 0.067 08.0 1.000
20 15 06 3.7118E+02 3.3403E+01 0.160 15.0 1.154
20 14 07 1.9200E+01 6.4576E+02 0.750 07.0 1.000
20 14 07 2.2000E+01 5.6357E+02 0.455 05.0 1.000
20 14 07 2.4120E+01 5.1403E+02 0.900 01.0 1.000
20 14 07 1.8660E+02 6.6444E+01 0.080 06.0 1.000
20 13 08 2.0800E+01 5.9608E+02 0.290 07.0 1.000
20 13 08 2.5800E+01 4.8056E+02 0.900 01.0 1.000
20 13 08 2.8800E+01 4.3050E+02 0.042 05.0 1.000
20 13 08 2.8800E+01 4.3050E+02 0.025 04.0 1.000
20 13 08 2.9400E+01 4.2172E+02 0.021 03.0 1.000
20 12 09 2.0000E+01 6.1993E+02 1.000 05.0 1.000
20 12 09 2.6000E+01 4.7687E+02 0.400 01.0 1.000
20 12 09 2.7300E+01 4.5416E+02 1.880 02.0 1.000
20 12 09 3.2280E+01 3.8409E+02 0.160 03.0 1.000
20 12 09 1.4100E+02 8.7933E+01 0.077 04.0 1.000
20 11 10 2.5500E+01 4.8622E+02 0.300 01.1 1.000
20 11 10 2.7000E+01 4.5920E+02 0.500 03.1 1.000
20 11 10 3.0450E+01 4.0718E+02 1.000 04.0 1.000
20 11 10 3.1260E+01 3.9663E+02 2.500 05.0 1.000
20 11 10 3.1300E+01 3.9612E+02 0.180 06.0 1.000
20 11 10 3.5200E+01 3.5223E+02 1.200 07.0 1.000
20 11 10 3.5580E+01 3.4847E+02 2.400 08.0 1.000
20 10 11 8.5500E+01 1.4501E+02 0.050 02.0 1.000
20 10 11 9.3100E+01 1.3317E+02 0.014 03.0 1.080
20 10 11 1.0070E+02 1.2312E+02 0.014 04.0 1.150
20 10 11 1.1104E+02 1.1166E+02 0.200 06.0 1.000
20 10 11 1.1820E+02 1.0489E+02 0.147 05.0 1.317
20 10 11 1.2330E+02 1.0056E+02 0.378 07.0 1.160
20 10 11 1.5200E+02 8.1569E+01 0.316 08.0 1.300
20 10 11 1.6650E+02 7.4466E+01 0.177 09.0 1.450
20 10 11 4.3000E+02 2.8834E+01 0.168 11.0 1.678
20 10 11 5.6500E+02 2.1944E+01 0.500 12.0 1.000
20 09 12 1.1000E+02 1.1271E+02 0.180 01.0 1.000
20 09 12 1.3000E+02 9.5373E+01 0.143 02.0 1.160
20 09 12 1.6237E+02 7.6360E+01 0.049 04.0 1.157
20 09 12 1.8430E+02 6.7274E+01 0.500 06.0 1.470
20 09 12 3.7600E+02 3.2975E+01 0.129 07.0 1.596
20 09 12 3.9870E+02 3.1097E+01 0.480 08.0 1.858
20 09 12 4.6623E+02 2.6593E+01 1.090 09.0 1.000
20 09 12 5.0670E+02 2.4469E+01 0.213 10.0 1.160
20 08 13 1.2900E+02 9.6113E+01 0.200 14.0 1.000
20 08 13 1.3300E+02 9.3222E+01 0.170 13.0 1.000
20 08 13 1.6000E+02 7.7491E+01 0.140 10.0 1.250
20 08 13 1.8368E+02 6.7501E+01 0.082 09.0 1.000
20 08 13 2.3000E+02 5.3907E+01 0.062 06.0 1.432
20 08 13 5.9222E+02 2.0936E+01 0.410 15.0 1.000
20 07 14 3.3040E+02 3.7526E+01 0.021 03.1 1.000
20 07 14 6.3472E+02 1.9534E+01 0.060 11.0 1.000
20 06 15 6.3710E+02 1.9461E+01 0.880 06.0 1.000
20 05 16 6.4700E+02 1.9163E+01 0.003 08.0 1.000
20 04 17 6.6050E+02 1.8771E+01 0.370 08.0 1.000
26 25 02 1.4600E+00 8.4921E+03 0.027 01.0 1.000
26 25 02 1.4900E+00 8.3212E+03 0.050 02.0 1.000
26 25 02 1.5900E+00 7.7978E+03 0.123 03.0 1.000
26 25 02 1.8500E+00 6.7019E+03 0.780 04.0 1.000
26 24 03 7.1700E+00 1.7292E+03 0.027 01.0 1.000
26 24 03 7.9900E+00 1.5518E+03 0.075 02.0 1.000
26 24 03 8.3000E+00 1.4938E+03 0.091 03.0 1.030
26 24 03 1.0630E+01 1.1664E+03 0.370 05.0 1.000
26 24 03 1.1120E+01 1.1150E+03 0.659 06.0 1.065
26 24 03 1.1370E+01 1.0905E+03 0.163 07.0 1.100
26 24 03 1.9203E+02 6.4566E+01 0.048 12.0 1.000
26 24 03 2.5510E+02 4.8603E+01 0.022 12.0 1.000
26 23 04 1.0980E+01 1.1292E+03 0.620 05.0 1.000
26 23 04 1.1500E+01 1.0781E+03 0.884 06.0 1.046
26 23 04 1.1740E+01 1.0561E+03 0.554 08.0 1.200
26 23 04 1.1790E+01 1.0516E+03 0.717 07.0 1.200
26 23 04 1.2150E+01 1.0205E+03 0.553 09.0 1.200
26 23 04 1.3283E+02 9.3341E+01 0.150 13.0 1.000
26 22 05 9.0300E+00 1.3730E+03 0.140 02.0 1.000
26 22 05 1.1500E+01 1.0781E+03 0.046 03.0 1.000
26 22 05 1.1900E+01 1.0419E+03 0.740 06.0 1.000
26 22 05 1.2330E+01 1.0056E+03 0.019 09.0 1.000
26 22 05 1.3900E+01 8.9198E+02 0.019 07.0 1.000
26 22 05 1.1630E+02 1.0661E+02 0.031 10.0 1.000
26 22 05 1.1717E+02 1.0582E+02 0.080 11.0 1.000
26 22 05 1.3578E+02 9.1313E+01 0.062 12.1 1.000
26 21 06 7.9000E+00 1.5694E+03 0.277 01.0 1.000
26 21 06 9.4600E+00 1.3106E+03 0.080 09.0 1.000
26 21 06 1.2000E+01 1.0332E+03 0.677 01.0 1.000
26 21 06 1.2210E+01 1.0154E+03 0.270 03.0 1.000
26 21 06 1.2250E+01 1.0121E+03 1.490 04.1 1.000
26 21 06 1.2410E+01 9.9907E+02 0.969 11.0 1.149
26 21 06 1.2630E+01 9.8167E+02 0.485 12.0 1.379
26 21 06 1.2730E+01 9.7396E+02 0.094 10.0 1.151
26 21 06 1.3060E+01 9.4935E+02 0.050 05.0 1.000
26 21 06 1.3200E+01 9.3928E+02 0.036 13.0 1.197
26 21 06 1.3410E+01 9.2457E+02 0.059 14.0 1.537
26 21 06 1.1865E+02 1.0450E+02 0.052 07.0 1.000
26 21 06 1.2873E+02 9.6314E+01 0.089 06.1 1.000
26 20 07 1.0090E+01 1.2288E+03 0.840 07.0 1.000
26 20 07 1.2700E+01 9.7626E+02 0.664 05.0 1.000
26 20 07 1.2800E+01 9.6863E+02 0.770 01.0 1.000
26 20 07 1.5200E+01 8.1569E+02 0.080 03.0 1.000
26 20 07 1.2653E+02 9.7989E+01 0.110 06.0 1.000
26 19 08 1.0710E+01 1.1577E+03 0.340 07.0 1.000
26 19 08 1.3540E+01 9.1570E+02 0.730 01.0 1.000
26 19 08 1.4780E+01 8.3887E+02 0.190 05.0 1.000
26 19 08 1.4960E+01 8.2878E+02 0.060 04.0 1.000
26 19 08 9.1020E+01 1.3622E+02 0.091 09.0 1.159
26 19 08 1.0612E+02 1.1683E+02 0.006 10.0 1.411
26 19 08 1.0800E+02 1.1480E+02 0.050 06.0 1.000
26 18 09 1.1450E+01 1.0828E+03 0.140 05.0 1.000
26 18 09 1.3600E+01 9.1166E+02 0.110 01.0 1.000
26 18 09 1.4360E+01 8.6341E+02 0.500 02.0 1.000
26 18 09 1.6010E+01 7.7442E+02 0.035 03.0 1.000
26 18 09 9.7050E+01 1.2775E+02 0.059 04.0 1.000
26 17 10 1.1030E+01 1.1241E+03 0.110 03.1 1.000
26 17 10 1.2120E+01 1.0230E+03 0.530 01.1 1.000
26 17 10 1.2510E+01 9.9109E+02 0.290 02.0 1.000
26 17 10 1.2680E+01 9.7780E+02 0.025 02.0 1.000
26 17 10 1.3820E+01 8.9714E+02 0.280 03.1 1.000
26 17 10 1.5000E+01 8.2657E+02 2.510 05.0 1.000
26 17 10 1.5300E+01 8.1036E+02 0.630 04.0 1.000
26 17 10 1.5500E+01 7.9990E+02 0.190 06.0 1.000
26 17 10 1.6800E+01 7.3801E+02 2.300 07.0 1.000
26 17 10 1.7070E+01 7.2633E+02 4.800 08.0 1.000
26 17 10 1.7750E+01 6.9851E+02 0.120 08.0 1.000
26 16 11 3.6770E+01 3.3719E+02 0.070 02.0 1.000
26 16 11 4.0040E+01 3.0965E+02 0.090 03.0 1.080
26 16 11 4.2180E+01 2.9394E+02 0.008 04.0 1.150
26 16 11 4.6700E+01 2.6549E+02 0.132 05.0 1.317
26 16 11 5.0420E+01 2.4590E+02 0.220 06.0 1.000
26 16 11 5.4530E+01 2.2737E+02 0.268 07.0 1.160
26 16 11 6.3440E+01 1.9544E+02 0.059 08.0 1.300
26 16 11 6.6330E+01 1.8692E+02 0.634 09.0 1.450
26 16 11 2.5900E+02 4.7871E+01 0.159 11.0 1.678
26 16 11 3.3540E+02 3.6966E+01 0.264 12.0 1.000
26 16 11 3.6080E+02 3.4364E+01 0.123 12.0 1.000
26 15 12 5.2910E+01 2.3433E+02 0.370 01.0 1.000
26 15 12 5.6200E+01 2.2061E+02 0.149 02.0 1.160
26 15 12 5.9400E+01 2.0873E+02 0.248 03.0 1.330
26 15 12 6.5930E+01 1.8806E+02 0.059 04.0 1.157
26 15 12 6.9990E+01 1.7715E+02 0.685 05.0 1.670
26 15 12 7.3470E+01 1.6876E+02 0.495 05.0 1.670
26 15 12 2.3070E+02 5.3743E+01 0.205 07.0 1.596
26 15 12 2.4380E+02 5.0855E+01 0.334 08.0 1.858
26 15 12 2.8415E+02 4.3634E+01 0.800 09.0 1.000
26 15 12 3.0667E+02 4.0430E+01 0.148 10.0 1.160
26 14 13 5.9370E+01 2.0883E+02 0.280 12.0 1.000
26 14 13 6.9660E+01 1.7799E+02 0.064 10.0 1.250
26 14 13 7.0300E+01 1.7637E+02 0.062 09.0 1.000
26 14 13 9.1080E+01 1.3613E+02 0.020 06.0 1.432
26 14 13 2.1653E+02 5.7260E+01 0.510 04.0 1.000
26 14 13 2.6228E+02 4.7272E+01 0.540 01.0 1.000
26 14 13 3.4720E+02 3.5710E+01 0.063 15.0 1.000
26 13 14 6.2350E+01 1.9885E+02 0.350 08.0 1.000
26 13 14 7.5840E+01 1.6348E+02 0.190 07.0 1.000
26 13 14 1.9743E+02 6.2800E+01 0.014 03.1 1.000
26 13 14 2.0002E+02 6.1986E+01 0.121 03.2 1.000
26 13 14 2.0113E+02 6.1644E+01 0.103 03.4 1.000
26 13 14 2.0204E+02 6.1367E+01 0.825 04.0 1.000
26 13 14 2.0379E+02 6.0840E+01 0.118 03.6 1.000
26 13 14 2.0381E+02 6.0834E+01 0.546 03.3 1.000
26 13 14 2.0992E+02 5.9063E+01 0.003 04.0 1.000
26 13 14 2.4071E+02 5.1508E+01 0.022 01.0 1.000
26 13 14 2.4621E+02 5.0358E+01 0.048 01.0 1.000
26 13 14 2.5195E+02 4.9210E+01 0.114 01.0 1.000
26 13 14 3.4818E+02 3.5610E+01 0.047 11.0 1.000
26 13 14 3.5963E+02 3.4476E+01 0.050 11.0 1.000
26 13 14 3.5980E+02 3.4459E+01 0.013 11.0 1.000
26 13 14 3.6812E+02 3.3681E+01 0.061 11.0 1.000
26 12 15 1.8690E+02 6.6338E+01 0.776 03.0 1.000
26 12 15 1.9239E+02 6.4445E+01 0.190 04.0 1.000
26 12 15 1.9351E+02 6.4072E+01 0.514 04.0 1.000
26 12 15 1.9512E+02 6.3543E+01 0.784 04.0 1.000
26 12 15 3.5726E+02 3.4704E+01 0.100 06.0 1.000
26 11 16 8.8000E+01 1.4089E+02 0.250 02.0 1.000
26 11 16 1.8060E+02 6.8652E+01 0.744 06.0 1.000
26 11 16 1.8217E+02 6.8060E+01 0.116 06.0 1.000
26 11 16 1.8822E+02 6.5872E+01 0.419 07.0 1.000
26 11 16 1.9281E+02 6.4304E+01 0.081 07.0 1.000
26 11 16 1.9281E+02 6.4304E+01 0.032 07.0 1.000
26 11 16 3.4111E+02 3.6348E+01 0.007 08.0 1.000
26 11 16 3.5267E+02 3.5156E+01 0.024 08.0 1.000
26 11 16 3.5864E+02 3.4571E+01 0.012 08.0 1.000
26 10 17 9.6340E+01 1.2870E+02 0.150 02.0 1.000
26 10 17 1.0003E+02 1.2395E+02 0.320 07.0 1.000
26 10 17 1.7451E+02 7.1048E+01 1.700 04.0 1.000
26 10 17 1.7830E+02 6.9537E+01 0.864 05.0 1.000
26 10 17 1.8634E+02 6.6537E+01 0.268 06.0 1.000
26 10 17 3.4570E+02 3.5865E+01 0.024 08.0 1.000
26 09 18 8.3460E+01 1.4856E+02 0.310 01.0 1.000
26 09 18 1.0357E+02 1.1971E+02 0.250 02.0 1.000
26 09 18 1.0520E+02 1.1786E+02 0.160 03.0 1.000
26 09 18 1.7107E+02 7.2476E+01 2.650 04.0 1.000
26 08 19 1.1248E+02 1.1023E+02 0.082 09.0 1.000
26 08 19 1.1293E+02 1.0979E+02 0.055 10.0 1.000
26 08 19 1.1676E+02 1.0619E+02 0.104 10.0 1.000
26 08 19 1.1903E+02 1.0416E+02 0.049 11.0 1.000
26 08 19 1.3100E+02 9.4645E+01 0.080 04.0 1.000
26 08 19 1.6790E+02 7.3845E+01 0.280 05.0 1.000
26 08 19 1.6870E+02 7.3494E+01 0.160 06.0 1.000
26 08 19 1.8522E+02 6.6939E+01 0.160 07.1 1.000
26 08 19 1.8661E+02 6.6441E+01 0.090 07.2 1.000
28 27 02 1.2900E+00 9.6113E+03 0.027 01.0 1.000
28 27 02 1.3000E+00 9.5373E+03 0.070 02.0 1.000
28 27 02 1.3700E+00 9.0500E+03 0.123 03.0 1.000
28 27 02 1.6000E+00 7.7491E+03 0.780 04.0 1.000
28 26 03 6.1000E+00 2.0325E+03 0.007 01.0 1.000
28 26 03 7.5000E+00 1.6531E+03 0.026 02.0 1.000
28 26 03 9.0700E+00 1.3670E+03 0.410 05.0 1.000
28 26 03 9.4600E+00 1.3106E+03 0.318 06.0 1.065
28 26 03 9.7000E+00 1.2782E+03 0.345 07.0 1.100
28 26 03 1.6542E+02 7.4952E+01 0.048 12.0 1.000
28 26 03 2.3420E+02 5.2940E+01 0.022 12.0 1.000
28 25 04 9.3700E+00 1.3232E+03 0.350 05.0 1.000
28 25 04 9.9000E+00 1.2524E+03 0.592 06.0 1.046
28 25 04 9.9700E+00 1.2436E+03 0.234 08.0 1.200
28 25 04 9.9800E+00 1.2423E+03 0.721 07.0 1.200
28 25 04 1.0200E+01 1.2155E+03 0.379 09.0 1.200
28 25 04 1.1990E+02 1.0341E+02 0.140 13.0 1.000
28 24 05 7.6000E+00 1.6314E+03 0.130 02.0 1.000
28 24 05 9.3200E+00 1.3303E+03 0.036 03.0 1.000
28 24 05 1.0000E+01 1.2399E+03 0.740 06.0 1.000
28 24 05 1.0400E+01 1.1922E+03 0.018 09.0 1.000
28 24 05 1.1700E+01 1.0597E+03 0.018 07.0 1.000
28 24 05 1.0211E+02 1.2142E+02 0.080 11.0 1.000
28 24 05 1.1500E+02 1.0781E+02 0.090 10.0 1.000
28 24 05 1.2670E+02 9.7857E+01 0.062 12.1 1.000
28 23 06 8.5000E+00 1.4586E+03 0.140 09.0 1.000
28 23 06 9.3500E+00 1.3260E+03 0.735 01.0 1.000
28 23 06 1.0400E+01 1.1922E+03 1.340 04.1 1.000
28 23 06 1.0500E+01 1.1808E+03 0.210 03.0 1.000
28 23 06 1.0700E+01 1.1587E+03 0.050 05.0 1.000
28 23 06 1.0000E+02 1.2399E+02 0.048 06.0 1.000
28 23 06 1.1186E+02 1.1084E+02 0.089 06.1 1.000
28 23 06 1.2700E+02 9.7626E+01 0.048 07.0 1.000
28 23 06 1.3600E+02 9.1166E+01 0.046 08.0 1.000
28 22 07 9.2500E+00 1.3404E+03 0.743 05.0 1.000
28 22 07 1.0790E+01 1.1491E+03 1.100 01.0 1.000
28 22 07 1.1700E+01 1.0597E+03 0.080 03.0 1.000
28 21 08 8.9600E+00 1.3838E+03 0.340 07.0 1.000
28 21 08 1.1280E+01 1.0992E+03 1.170 01.0 1.000
28 21 08 1.2100E+01 1.0247E+03 0.020 03.0 1.000
28 21 08 1.2320E+01 1.0064E+03 0.190 05.0 1.000
28 21 08 1.2550E+01 9.8793E+02 0.060 04.0 1.000
28 21 08 9.6000E+01 1.2915E+02 0.060 06.0 1.000
28 20 09 9.4700E+00 1.3092E+03 1.000 05.0 1.000
28 20 09 1.1200E+01 1.1070E+03 0.400 01.0 1.000
28 20 09 1.1600E+01 1.0688E+03 1.700 02.0 1.000
28 20 09 1.3050E+01 9.5008E+02 0.060 03.0 1.000
28 20 09 8.3170E+01 1.4907E+02 0.055 04.0 1.000
28 19 10 9.3000E+00 1.3332E+03 0.200 03.3 1.000
28 19 10 1.0000E+01 1.2399E+03 0.310 01.1 1.000
28 19 10 1.0300E+01 1.2037E+03 0.370 03.1 1.000
28 19 10 1.0400E+01 1.1922E+03 0.040 02.0 1.000
28 19 10 1.2400E+01 9.9988E+02 2.500 05.0 1.000
28 19 10 1.2660E+01 9.7935E+02 0.750 04.0 1.000
28 19 10 1.2800E+01 9.6863E+02 0.190 06.0 1.000
28 19 10 1.3800E+01 8.9844E+02 2.300 07.0 1.000
28 19 10 1.4050E+01 8.8246E+02 4.800 08.0 1.000
28 18 11 2.9800E+01 4.1606E+02 0.070 02.0 1.000
28 18 11 3.2200E+01 3.8505E+02 0.017 03.0 1.080
28 18 11 3.3800E+01 3.6682E+02 0.012 04.0 1.150
28 18 11 3.3900E+01 3.6574E+02 0.198 05.0 1.317
28 18 11 4.1700E+01 2.9733E+02 0.400 06.0 1.000
28 18 11 4.4360E+01 2.7950E+02 0.383 07.0 1.160
28 18 11 5.0700E+01 2.4455E+02 0.600 08.0 1.300
28 18 11 5.3500E+01 2.3175E+02 0.561 09.0 1.450
28 18 11 2.3380E+02 5.3030E+01 0.136 11.0 1.678
28 17 12 4.2200E+01 2.9380E+02 0.290 01.0 1.000
28 17 12 4.5380E+01 2.7322E+02 0.150 02.0 1.160
28 17 12 5.6000E+01 2.2140E+02 0.654 06.0 1.470
28 17 12 5.9500E+01 2.0838E+02 0.061 04.0 1.157
28 17 12 2.0700E+02 5.9896E+01 0.218 07.0 1.596
28 17 12 2.1589E+02 5.7430E+01 0.501 08.0 1.858
28 17 12 2.4920E+02 4.9753E+01 0.770 09.0 1.000
28 16 13 4.4000E+01 2.8178E+02 0.200 14.0 1.000
28 16 13 4.5500E+01 2.7249E+02 0.280 13.0 1.000
28 16 13 4.7000E+01 2.6380E+02 0.270 12.0 1.000
28 16 13 5.5000E+01 2.2543E+02 0.230 10.0 1.250
28 16 13 5.5700E+01 2.2259E+02 0.070 09.0 1.000
28 16 13 7.0000E+01 1.7712E+02 0.072 06.0 1.432
28 16 13 1.9500E+02 6.3582E+01 0.160 04.0 1.000
28 16 13 2.2790E+02 5.4403E+01 0.050 01.0 1.000
28 15 14 4.6600E+01 2.6606E+02 0.103 10.0 1.000
28 15 14 5.0000E+01 2.4797E+02 0.350 08.0 1.000
28 15 14 5.4000E+01 2.2960E+02 0.101 09.0 1.000
28 15 14 5.9000E+01 2.1014E+02 0.060 07.0 1.000
28 15 14 1.7750E+02 6.9851E+01 0.126 03.1 1.000
28 15 14 1.8160E+02 6.8274E+01 0.535 04.0 1.000
28 15 14 2.1650E+02 5.7268E+01 0.129 01.0 1.000
28 15 14 3.3500E+02 3.7011E+01 0.060 11.0 1.000
28 14 15 1.6415E+02 7.5532E+01 0.006 03.0 1.000
28 14 15 1.7060E+02 7.2676E+01 1.040 04.0 1.000
28 14 15 3.1500E+02 3.9360E+01 0.500 06.0 1.000
28 13 16 1.5775E+02 7.8596E+01 0.744 06.0 1.000
28 13 16 1.6490E+02 7.5188E+01 0.419 07.0 1.000
28 13 16 3.2300E+02 3.8386E+01 0.003 08.0 1.000
28 12 17 7.2700E+01 1.7054E+02 0.200 02.0 1.000
28 12 17 1.5350E+02 8.0772E+01 0.880 04.0 1.000
28 12 17 1.5420E+02 8.0405E+01 0.397 05.0 1.000
28 12 17 1.6050E+02 7.7249E+01 0.230 06.0 1.000
28 12 17 3.1000E+02 3.9995E+01 0.019 08.0 1.000
28 11 18 7.7800E+01 1.5936E+02 0.400 03.0 1.000
28 11 18 1.4840E+02 8.3548E+01 1.610 04.0 1.000
28 11 18 1.6350E+02 7.5832E+01 0.710 01.0 1.000
28 10 19 7.6000E+01 1.6314E+02 0.100 03.0 1.000
28 10 19 9.1800E+01 1.3506E+02 0.040 04.0 1.000
28 10 19 1.4421E+02 8.5975E+01 0.100 05.0 1.000
28 10 19 1.4498E+02 8.5519E+01 0.180 05.0 1.000
28 10 19 1.4520E+02 8.5389E+01 0.080 06.0 1.000
28 10 19 1.5840E+02 7.8273E+01 0.160 07.1 1.000
28 10 19 1.5994E+02 7.7520E+01 0.090 07.0 1.000
